15  1  1  1  0  1  2547.208008  1.8769E-04    **
15  1  3  1  0  1  2547.226318  3.7538E-04    **
15  2  3  1  0  1  2547.226318  1.6172E-06      
15  2  5  1  0  1  2547.232422  2.4258E-06      
15  0  1  2  1  3   622.497559  7.4217E-06      
15  2  3  2  1  3   622.515991  2.1683E-05     *
15  2  5  2  1  3   622.521973  1.9515E-04    **
15  3  7  2  1  3   622.524963  1.4652E-06      
15  0  1  2  1  1   630.302490  3.7108E-06      
15  1  1  2  0  1   630.302490  4.1579E-05     *
15  1  3  2  0  1   630.320923  8.3158E-05     *
15  2  3  2  1  1   630.320923  1.0841E-04    **
15  4  7  4  3  7   146.843491  1.0093E-06      
15  4  9  4  3  7   146.845291  3.5326E-05     *
15  1  3  4  2  5   146.992798  1.7747E-06      
15  3  5  4  2  5   146.998825  2.4389E-06      
15  3  7  4  2  5   147.001831  4.8777E-05     *
15  4  7  4  3  5   147.001831  2.7251E-05     *
15  0  1  4  1  3   147.292801  3.2732E-06      
15  2  3  4  1  3   147.311218  3.7392E-06      
15  3  5  4  2  3   147.317230  3.4144E-05     *
15  2  5  4  1  3   147.317230  3.3652E-05     *
15  1  1  4  0  1   148.268372  6.4677E-06      
15  0  1  4  1  1   148.268372  1.6366E-06      
15  1  3  4  0  1   148.286774  1.2935E-05     *
15  2  3  4  1  1   148.286774  1.8696E-05     *
15  1  3  3  2  5   269.952759  1.6382E-06      
15  3  5  3  2  5   269.958801  3.9549E-06      
15  3  7  3  2  5   269.961792  7.9099E-05     *
15  0  1  3  1  3   270.688354  4.9161E-06      
15  2  3  3  1  3   270.706757  8.0075E-06      
15  2  5  3  1  3   270.712769  7.2068E-05     *
15  3  5  3  2  3   270.712769  5.5369E-05     *
15  1  1  3  0  1   273.003204  1.3869E-05     *
15  0  1  3  1  1   273.003204  2.4581E-06      
15  1  3  3  0  1   273.021576  2.7737E-05     *
15  2  3  3  1  1   273.021576  4.0038E-05     *
15  7 15  7  6 13    40.357346  4.9081E-06      
15  6 13  7  5 11    40.365124  1.2191E-05     *
15  7 13  7  6 11    40.365124  4.2474E-06      
15  5 11  7  4  9    40.376057  1.6753E-05     *
15  6 11  7  5  9    40.376057  1.0291E-05     *
15  4  9  7  3  7    40.392559  1.6503E-05     *
15  5  9  7  4  7    40.392559  1.3651E-05     *
15  1  3  7  2  5    40.411293  1.1761E-06      
15  3  7  7  2  5    40.420330  1.2634E-05     *
15  4  7  7  3  5    40.420330  1.2731E-05     *
15  0  1  7  1  3    40.452301  1.3097E-06      
15  2  5  7  1  3    40.476723  7.5387E-06      
15  3  5  7  2  3    40.476723  8.8435E-06      
15  1  1  7  0  1    40.633823  1.5409E-06      
15  1  3  7  0  1    40.652214  3.0818E-06      
15  2  3  7  1  1    40.652214  4.1881E-06      
15  6 13  6  5 11    58.993763  8.7446E-06      
15  5 11  6  4  9    59.011623  1.9180E-05     *
15  6 11  6  5  9    59.011623  7.3818E-06      
15  4  9  6  3  7    59.038536  2.2746E-05     *
15  5  9  6  4  7    59.038536  1.5628E-05     *
15  1  3  6  2  5    59.074646  1.3694E-06      
15  3  7  6  2  5    59.083687  1.8743E-05     *
15  4  7  6  3  5    59.083687  1.7547E-05     *
15  0  1  6  1  3    59.150604  1.7003E-06      
15  2  3  6  1  3    59.168995  1.2613E-06      
15  2  5  6  1  3    59.175026  1.1352E-05     *
15  3  5  6  2  3    59.175026  1.3120E-05     *
15  1  1  6  0  1    59.439075  2.2696E-06      
15  1  3  6  0  1    59.457466  4.5392E-06      
15  2  3  6  1  1    59.457466  6.3064E-06      
15  5 11  5  4  9    89.909019  1.6945E-05     *
15  4  9  5  3  7    89.956375  3.0806E-05     *
15  5  9  5  4  7    89.956375  1.3807E-05     *
15  1  3  5  2  5    90.026657  1.5901E-06      
15  3  5  5  2  5    90.032692  1.4706E-06      
15  3  7  5  2  5    90.035690  2.9412E-05     *
15  4  7  5  3  5    90.035690  2.3765E-05     *
15  0  1  5  1  3    90.171310  2.3010E-06      
15  2  3  5  1  3    90.189697  2.0550E-06      
15  2  5  5  1  3    90.195732  1.8495E-05     *
15  3  5  5  2  3    90.195732  2.0589E-05     *
15  1  1  5  0  1    90.670250  3.6182E-06      
15  0  1  5  1  1    90.670250  1.1505E-06      
15  2  3  5  1  1    90.688637  1.0275E-05     *
15  1  3  5  0  1    90.688637  7.2363E-06      
