14 13 27 13 12 25     2.060440  3.4596E-05     *
14 12 25 13 11 23     2.060551  2.7253E-05     *
14 13 25 13 12 23     2.060551  3.2026E-05     *
14 11 23 13 10 21     2.060686  2.1786E-05     *
14 12 23 13 11 21     2.060686  2.5065E-05     *
14 10 21 13  9 19     2.060853  1.7615E-05     *
14 11 21 13 10 19     2.060853  1.9884E-05     *
14  9 19 13  8 17     2.061064  1.4346E-05     *
14 10 19 13  9 17     2.061064  1.5929E-05     *
14  8 17 13  7 15     2.061340  1.1709E-05     *
14  9 17 13  8 15     2.061340  1.2827E-05     *
14  7 15 13  6 13     2.061712  9.5160E-06      
14  8 15 13  7 13     2.061712  1.0321E-05     *
14  6 13 13  5 11     2.062237  7.6393E-06      
14  7 13 13  6 11     2.062237  8.2350E-06      
14  5 11 13  4  9     2.063026  5.9895E-06      
14  6 11 13  5  9     2.063026  6.4488E-06      
14  4  9 13  3  7     2.064316  4.5088E-06      
14  5  9 13  4  7     2.064316  4.8803E-06      
14  3  7 13  2  5     2.066717  3.1676E-06      
14  4  7 13  3  5     2.066717  3.4782E-06      
14  2  5 13  1  3     2.072288  1.9703E-06      
14  3  5 13  2  3     2.072288  2.2173E-06      
14  2  3 13  1  1     2.093138  1.0946E-06      
14 12 25 12 11 23     4.657004  9.8303E-06      
14 12 23 12 11 21     4.657252  9.0412E-06      
14 11 23 12 10 21     4.657252  1.3946E-05     *
14 11 21 12 10 19     4.657555  1.2728E-05     *
14 10 21 12  9 19     4.657555  1.5022E-05     *
14 10 19 12  9 17     4.657932  1.3585E-05     *
14  9 19 12  8 17     4.657932  1.4501E-05     *
14  9 17 12  8 15     4.658415  1.2965E-05     *
14  8 17 12  7 15     4.658415  1.3160E-05     *
14  8 15 12  7 13     4.659055  1.1601E-05     *
14  7 15 12  6 13     4.659055  1.1426E-05     *
14  7 13 12  6 11     4.659937  9.8875E-06      
14  6 13 12  5 11     4.659937  9.5302E-06      
14  6 11 12  5  9     4.661226  8.0450E-06      
14  5 11 12  4  9     4.661226  7.6068E-06      
14  5  9 12  4  7     4.663266  6.1981E-06      
14  4  9 12  3  7     4.663266  5.7369E-06      
14  4  7 12  3  5     4.666921  4.4256E-06      
14  3  7 12  2  5     4.666921  3.9829E-06      
14  3  5 12  2  3     4.675007  2.7880E-06      
14  2  5 12  1  3     4.675007  2.4094E-06      
14  2  3 12  1  1     4.703539  1.3385E-06      
14  1  3 12  0  1     4.703539  1.0636E-06      
14 11 23 11 10 21     7.993601  5.2452E-06      
14 11 21 11 10 19     7.994096  4.7873E-06      
14 10 21 11  9 19     7.994096  9.9301E-06      
14 10 19 11  9 17     7.994706  8.9798E-06      
14  9 19 11  8 17     7.994706  1.2653E-05     *
14  9 17 11  8 15     7.995480  1.1313E-05     *
14  8 17 11  7 15     7.995480  1.3494E-05     *
14  8 15 11  7 13     7.996492  1.1895E-05     *
14  7 15 11  6 13     7.996492  1.2925E-05     *
14  7 13 11  6 11     7.997873  1.1185E-05     *
14  6 13 11  5 11     7.997873  1.1432E-05     *
14  6 11 11  5  9     7.999861  9.6508E-06      
14  5 11 11  4  9     7.999861  9.4192E-06      
14  5  9 11  4  7     8.002948  7.6749E-06      
14  4  9 11  3  7     8.002948  7.1898E-06      
14  4  7 11  3  5     8.008353  5.5464E-06      
14  3  7 11  2  5     8.008353  4.9749E-06      
14  3  5 11  2  3     8.019955  3.4824E-06      
14  2  5 11  1  3     8.019955  2.9586E-06      
14  2  3 11  1  1     8.059225  1.6437E-06      
14  1  3 11  0  1     8.059225  1.2753E-06      
14 10 21 10  9 19    12.380701  4.0860E-06      
14  9 19 10  8 17    12.381647  9.0425E-06      
14 10 19 10  9 17    12.381647  3.6950E-06      
14  8 17 10  7 15    12.382840  1.2586E-05     *
14  9 17 10  8 15    12.382840  8.0851E-06      
14  7 15 10  6 13    12.384391  1.4013E-05     *
14  8 15 10  7 13    12.384391  1.1095E-05     *
14  6 13 10  5 11    12.386491  1.3535E-05     *
14  7 13 10  6 11    12.386491  1.2127E-05     *
14  5 11 10  4  9    12.389482  1.1712E-05     *
14  6 11 10  5  9    12.389482  1.1425E-05     *
14  4  9 10  3  7    12.394082  9.1435E-06      
14  5  9 10  4  7    12.394082  9.5427E-06      
14  3  7 10  2  5    12.402007  6.3478E-06      
14  4  7 10  3  5    12.402007  7.0536E-06      
14  2  5 10  1  3    12.418677  3.7300E-06      
14  3  5 10  2  3    12.418677  4.4435E-06      
14  1  3 10  0  1    12.473424  1.5722E-06      
14  2  3 10  1  1    12.473424  2.0722E-06      
14  1  1  1  0  1  2545.538086  2.2318E-04    **
14  1  3  1  0  1  2545.560791  4.4636E-04    **
14  2  3  1  0  1  2545.560791  1.9859E-06      
14  2  5  1  0  1  2545.568115  2.9789E-06      
14  0  1  2  1  3   620.827759  9.2268E-06      
14  2  3  2  1  3   620.850403  2.6778E-05     *
14  2  5  2  1  3   620.857788  2.4100E-04    **
14  3  7  2  1  3   620.861450  1.8338E-06      
14  1  1  2  0  1   628.632690  4.9447E-05     *
14  0  1  2  1  1   628.632690  4.6134E-06      
14  2  3  2  1  1   628.655334  1.3389E-04    **
14  1  3  2  0  1   628.655334  9.8895E-05     *
14  3  5  2  1  1   628.662720  1.0697E-06      
14  4  7  4  3  7   145.179962  1.3115E-06      
14  4  9  4  3  7   145.182159  4.5901E-05     *
14  1  3  4  2  5   145.327179  2.1269E-06      
14  3  5  4  2  5   145.334595  3.0884E-06      
14  4  7  4  3  5   145.338303  3.5409E-05     *
14  3  7  4  2  5   145.338303  6.1769E-05     *
14  0  1  4  1  3   145.622971  4.0804E-06      
14  1  1  4  2  3   145.622971  1.1816E-06      
14  2  3  4  1  3   145.645584  4.6164E-06      
14  2  5  4  1  3   145.653015  4.1548E-05     *
14  3  5  4  2  3   145.653015  4.3238E-05     *
14  1  1  4  0  1   146.598526  7.6935E-06      
14  0  1  4  1  1   146.598526  2.0402E-06      
14  2  3  4  1  1   146.621155  2.3082E-05     *
14  1  3  4  0  1   146.621155  1.5387E-05     *
14  1  3  3  2  5   268.287140  1.9579E-06      
14  3  5  3  2  5   268.294586  5.0097E-06      
14  3  7  3  2  5   268.298279  1.0019E-04    **
14  1  1  3  2  3   269.018494  1.0877E-06      
14  0  1  3  1  3   269.018494  6.1187E-06      
14  2  3  3  1  3   269.041107  9.8870E-06      
14  3  5  3  2  3   269.048553  7.0136E-05     *
14  2  5  3  1  3   269.048553  8.8983E-05     *
14  0  1  3  1  1   271.333344  3.0594E-06      
14  1  1  3  0  1   271.333344  1.6493E-05     *
14  2  3  3  1  1   271.355957  4.9435E-05     *
14  1  3  3  0  1   271.355957  3.2986E-05     *
14  7 15  7  6 13    38.694843  7.5046E-06      
14  6 13  7  5 11    38.702473  1.7293E-05     *
14  7 13  7  6 11    38.702473  6.4943E-06      
14  5 11  7  4  9    38.713215  2.2540E-05     *
14  6 11  7  5  9    38.713215  1.4598E-05     *
14  2  5  7  3  7    38.723534  1.0099E-06      
14  4  9  7  3  7    38.729439  2.1422E-05     *
14  5  9  7  4  7    38.729439  1.8366E-05     *
14  1  3  7  2  5    38.745682  1.4276E-06      
14  3  7  7  2  5    38.756794  1.5994E-05     *
14  4  7  7  3  5    38.756794  1.6525E-05     *
14  0  1  7  1  3    38.782455  1.6466E-06      
14  2  3  7  1  3    38.805084  1.0352E-06      
14  2  5  7  1  3    38.812500  9.3172E-06      
14  3  5  7  2  3    38.812500  1.1196E-05     *
14  1  1  7  0  1    38.963978  1.8381E-06      
14  2  3  7  1  1    38.986603  5.1762E-06      
14  1  3  7  0  1    38.986603  3.6763E-06      
14  6 13  6  5 11    57.331116  1.2412E-05     *
14  5 11  6  4  9    57.348782  2.5819E-05     *
14  6 11  6  5  9    57.348782  1.0478E-05     *
14  4  9  6  3  7    57.375416  2.9535E-05     *
14  5  9  6  4  7    57.375416  2.1038E-05     *
14  1  3  6  2  5    57.409039  1.6536E-06      
14  3  5  6  2  5    57.416454  1.1864E-06      
14  3  7  6  2  5    57.420151  2.3727E-05     *
14  4  7  6  3  5    57.420151  2.2784E-05     *
14  0  1  6  1  3    57.480755  2.1301E-06      
14  2  3  6  1  3    57.503384  1.5579E-06      
14  2  5  6  1  3    57.510799  1.4021E-05     *
14  3  5  6  2  3    57.510799  1.6609E-05     *
14  1  1  6  0  1    57.769226  2.7037E-06      
14  0  1  6  1  1    57.769226  1.0650E-06      
14  1  3  6  0  1    57.791855  5.4074E-06      
14  2  3  6  1  1    57.791855  7.7893E-06      
14  5 11  5  4  9    88.246178  2.2821E-05     *
14  4  7  5  3  7    88.291039  1.1433E-06      
14  4  9  5  3  7    88.293251  4.0014E-05     *
14  5  9  5  4  7    88.293251  1.8595E-05     *
14  1  3  5  2  5    88.361046  1.9121E-06      
14  3  5  5  2  5    88.368462  1.8619E-06      
14  3  7  5  2  5    88.372154  3.7239E-05     *
14  4  7  5  3  5    88.372154  3.0868E-05     *
14  1  1  5  2  3    88.501457  1.0623E-06      
14  0  1  5  1  3    88.501457  2.8746E-06      
14  2  3  5  1  3    88.524086  2.5374E-06      
14  3  5  5  2  3    88.531502  2.6067E-05     *
14  2  5  5  1  3    88.531502  2.2836E-05     *
14  0  1  5  1  1    89.000404  1.4373E-06      
14  1  1  5  0  1    89.000404  4.3063E-06      
14  1  3  5  0  1    89.023033  8.6125E-06      
14  2  3  5  1  1    89.023033  1.2687E-05     *
14 10 21 10  9 19    12.380701  4.0860E-06      
14 10 19 10  9 17    12.381647  3.6950E-06      
14  9 19 10  8 17    12.381647  9.0425E-06      
14  9 17 10  8 15    12.382840  8.0851E-06      
14  8 17 10  7 15    12.382840  1.2586E-05     *
14  8 15 10  7 13    12.384391  1.1095E-05     *
14  7 15 10  6 13    12.384391  1.4013E-05     *
14  7 13 10  6 11    12.386491  1.2127E-05     *
14  6 13 10  5 11    12.386491  1.3535E-05     *
14  6 11 10  5  9    12.389482  1.1425E-05     *
14  5 11 10  4  9    12.389482  1.1712E-05     *
14  5  9 10  4  7    12.394082  9.5427E-06      
14  4  9 10  3  7    12.394082  9.1435E-06      
14  4  7 10  3  5    12.402007  7.0536E-06      
14  3  7 10  2  5    12.402007  6.3478E-06      
14  3  5 10  2  3    12.418677  4.4435E-06      
14  2  5 10  1  3    12.418677  3.7300E-06      
14  2  3 10  1  1    12.473424  2.0722E-06      
14  1  3 10  0  1    12.473424  1.5722E-06      
14  9 19  9  8 17    18.310463  4.1518E-06      
14  8 17  9  7 15    18.312283  9.8927E-06      
14  9 17  9  8 15    18.312283  3.7122E-06      
14  7 15  9  6 13    18.314638  1.4177E-05     *
14  8 15  9  7 13    18.314638  8.7202E-06      
14  6 13  9  5 11    18.317812  1.5707E-05     *
14  7 13  9  6 11    18.317812  1.2268E-05     *
14  5 11  9  4  9    18.322304  1.4654E-05     *
14  6 11  9  5  9    18.322304  1.3259E-05     *
14  4  9  9  3  7    18.329163  1.1871E-05     *
14  5  9  9  4  7    18.329163  1.1940E-05     *
14  1  3  9  2  5    18.329746  1.1048E-06      
14  0  1  9  1  3    18.335056  1.0909E-06      
14  3  7  9  2  5    18.340860  8.3324E-06      
14  4  7  9  3  5    18.340860  9.1576E-06      
14  2  5  9  1  3    18.365101  4.8569E-06      
14  3  5  9  2  3    18.365101  5.8327E-06      
14  1  1  9  0  1    18.420364  1.0015E-06      
14  1  3  9  0  1    18.442991  2.0031E-06      
14  2  3  9  1  1    18.442991  2.6983E-06      
14  8 17  8  7 15    26.601053  5.1571E-06      
14  7 15  8  6 13    26.604668  1.2427E-05     *
14  8 15  8  7 13    26.604668  4.5459E-06      
14  6 13  8  5 11    26.609518  1.7420E-05     *
14  7 13  8  6 11    26.609518  1.0754E-05     *
14  5 11  8  4  9    26.616369  1.8339E-05     *
14  6 11  8  5  9    26.616369  1.4706E-05     *
14  4  9  8  3  7    26.626755  1.5769E-05     *
14  5  9  8  4  7    26.626755  1.4943E-05     *
14  1  3  8  2  5    26.633232  1.2459E-06      
14  3  7  8  2  5    26.644346  1.1314E-05     *
14  4  7  8  3  5    26.644346  1.2165E-05     *
14  0  1  8  1  3    26.650391  1.3194E-06      
14  2  5  8  1  3    26.680435  6.5714E-06      
14  3  5  8  2  3    26.680435  7.9198E-06      
14  1  1  8  0  1    26.771921  1.3257E-06      
14  1  3  8  0  1    26.794550  2.6515E-06      
14  2  3  8  1  1    26.794550  3.6508E-06      
