 8  1  1  1  0  1  2518.766113  2.8982E-03   ***
 8  1  3  1  0  1  2518.887695  5.7965E-03   ***
 8  2  3  1  0  1  2518.887695  6.3097E-05     *
 8  2  5  1  0  1  2518.927490  9.4646E-05     *
 8  0  1  2  1  3   594.055847  5.0115E-04    **
 8  2  3  2  1  3   594.177368  9.3264E-04    **
 8  3  5  2  1  3   594.217102  1.8249E-05     *
 8  2  5  2  1  3   594.217102  8.3938E-03   ***
 8  3  7  2  1  3   594.236938  1.0950E-04    **
 8  1  1  2  0  1   601.860779  6.4327E-04    **
 8  0  1  2  1  1   601.860779  2.5057E-04    **
 8  2  3  2  1  1   601.982300  4.6632E-03   ***
 8  1  3  2  0  1   601.982300  1.2865E-03   ***
 8  3  5  2  1  1   602.022034  6.3873E-05     *
 8  2  5  4  3  7   118.535606  2.5456E-05     *
 8  4  7  4  3  7   118.555412  1.5424E-04    **
 8  4  9  4  3  7   118.567276  5.3985E-03   ***
 8  5  9  4  3  7   118.567276  1.3228E-06      
 8  5 11  4  3  7   118.575180  2.7778E-05     *
 8  1  3  4  2  5   118.654160  3.1386E-05     *
 8  2  3  4  3  5   118.654160  1.7819E-05     *
 8  2  5  4  3  5   118.693947  1.2728E-06      
 8  3  5  4  2  5   118.693947  2.2428E-04    **
 8  3  7  4  2  5   118.713753  4.4855E-03   ***
 8  4  7  4  3  5   118.713753  4.1646E-03   ***
 8  4  9  4  2  5   118.725616  3.6724E-06      
 8  5  9  4  3  5   118.725616  2.1826E-05     *
 8  0  1  4  1  3   118.851044  2.3146E-04    **
 8  1  1  4  2  3   118.851044  1.7437E-05     *
 8  1  3  4  2  3   118.972572  3.4873E-06      
 8  2  3  4  1  3   118.972572  1.5960E-04    **
 8  3  5  4  2  3   119.012360  3.1399E-03   ***
 8  2  5  4  1  3   119.012360  1.4364E-03   ***
 8  4  7  4  2  3   119.032158  2.6441E-06      
 8  1  1  4  0  1   119.826607  1.0025E-04    **
 8  0  1  4  1  1   119.826607  1.1573E-04    **
 8  1  3  4  0  1   119.948135  2.0050E-04    **
 8  2  3  4  1  1   119.948135  7.9802E-04    **
 8  1  3  3  2  5   241.614136  2.7608E-05     *
 8  3  5  3  2  5   241.653915  3.6632E-04    **
 8  4  7  3  2  5   241.673721  4.3141E-06      
 8  3  7  3  2  5   241.673721  7.3263E-03   ***
 8  4  9  3  2  5   241.685577  5.3926E-05     *
 8  0  1  3  1  3   242.246567  3.3828E-04    **
 8  1  1  3  2  3   242.246567  1.5338E-05     *
 8  2  3  3  1  3   242.368103  3.4295E-04    **
 8  1  3  3  2  3   242.368103  3.0675E-06      
 8  3  5  3  2  3   242.407883  5.1284E-03   ***
 8  2  5  3  1  3   242.407883  3.0866E-03   ***
 8  4  7  3  2  3   242.427689  3.8827E-05     *
 8  3  7  3  1  3   242.427689  2.0233E-06      
 8  1  1  3  0  1   244.561401  2.1440E-04    **
 8  0  1  3  1  1   244.561401  1.6914E-04    **
 8  1  3  3  0  1   244.682938  4.2880E-04    **
 8  2  3  3  1  1   244.682938  1.7148E-03   ***
 8  3  5  3  1  1   244.722717  1.1803E-06      
 8  0  1  7  1  3    12.010533  1.0513E-04    **
 8  1  1  7  2  3    12.010533  1.8162E-05     *
 8  1  3  7  2  5    12.072663  3.2691E-05     *
 8  2  3  7  3  5    12.072663  4.2236E-05     *
 8  2  5  7  3  7    12.082882  6.0337E-05     *
 8  3  5  7  4  7    12.082882  6.1682E-05     *
 8  5 11  7  6 13    12.084537  2.2380E-05     *
 8  4  7  7  5  9    12.084983  4.5473E-05     *
 8  3  7  7  4  9    12.084983  7.9959E-05     *
 8  4  9  7  5 11    12.085054  5.5808E-05     *
 8  5  9  7  6 11    12.085054  1.8892E-05     *
 8  7 13  7  6 13    12.090177  1.1690E-04    **
 8  6 11  7  5 11    12.092956  8.8371E-05     *
 8  7 15  7  6 13    12.094404  1.2158E-02  ****
 8  5  9  7  4  9    12.096845  7.4258E-05     *
 8  4  9  7  5  9    12.096845  1.0335E-06      
 8  6 13  7  5 11    12.098596  6.8046E-03   ***
 8  7 13  7  6 11    12.098596  1.0521E-02  ****
 8  4  7  7  3  7    12.102686  6.5315E-05     *
 8  3  7  7  4  7    12.102686  2.2845E-06      
 8  6 11  7  5  9    12.104746  5.7441E-03   ***
 8  5 11  7  4  9    12.104746  4.0099E-03   ***
 8  3  5  7  2  5    12.112450  5.4374E-05     *
 8  2  5  7  3  5    12.112450  3.0169E-06      
 8  4  9  7  3  7    12.114547  2.2860E-03   ***
 8  5  9  7  4  7    12.114547  3.2674E-03   ***
 8  2  3  7  1  3    12.132064  3.4706E-05     *
 8  1  3  7  2  3    12.132064  3.6324E-06      
 8  3  7  7  2  5    12.132254  1.0875E-03   ***
 8  4  7  7  3  5    12.132254  1.7635E-03   ***
 8  2  5  7  1  3    12.171849  3.1236E-04    **
 8  3  5  7  2  3    12.171849  7.6123E-04    **
 8  1  1  7  0  1    12.192056  3.0201E-05     *
 8  0  1  7  1  1    12.192056  5.2565E-05     *
 8  1  3  7  0  1    12.313585  6.0401E-05     *
 8  2  3  7  1  1    12.313585  1.7353E-04    **
 8  1  1  6  2  3    30.708834  1.9462E-05     *
 8  0  1  6  1  3    30.708834  1.3104E-04    **
 8  4  9  6  5 11    30.713696  1.8921E-05     *
 8  4  7  6  5  9    30.720551  1.5417E-05     *
 8  3  7  6  4  9    30.720551  4.9552E-05     *
 8  6 11  6  5 11    30.721598  6.8426E-05     *
 8  6 13  6  5 11    30.727238  5.2688E-03   ***
 8  3  5  6  4  7    30.728857  3.8226E-05     *
 8  2  5  6  3  7    30.728857  5.1813E-05     *
 8  7 15  6  5 11    30.731466  1.1150E-05     *
 8  5  9  6  4  9    30.732412  9.1359E-05     *
 8  2  3  6  3  5    30.736017  3.6269E-05     *
 8  1  3  6  2  5    30.736017  3.5031E-05     *
 8  5 11  6  4  9    30.740313  4.9334E-03   ***
 8  6 11  6  5  9    30.740313  4.4477E-03   ***
 8  7 13  6  5  9    30.745953  9.5027E-06      
 8  6 13  6  4  9    30.745953  1.0290E-06      
 8  3  7  6  4  7    30.748661  1.4158E-06      
 8  4  7  6  3  7    30.748661  9.5969E-05     *
 8  4  9  6  3  7    30.760523  3.3589E-03   ***
 8  5  9  6  4  7    30.760523  4.0198E-03   ***
 8  2  5  6  3  5    30.775805  2.5907E-06      
 8  3  5  6  2  5    30.775805  8.4869E-05     *
 8  4  7  6  3  5    30.795609  2.5912E-03   ***
 8  3  7  6  2  5    30.795609  1.6974E-03   ***
 8  1  3  6  2  3    30.830364  3.8923E-06      
 8  2  3  6  1  3    30.830364  5.3700E-05     *
 8  3  5  6  2  3    30.870152  1.1882E-03   ***
 8  2  5  6  1  3    30.870152  4.8330E-04    **
 8  0  1  6  1  1    30.997307  6.5519E-05     *
 8  2  3  6  1  1    31.118835  2.6850E-04    **
 8  3  7  5  4  9    61.617943  2.2608E-05     *
 8  5  9  5  4  9    61.629807  8.2792E-05     *
 8  5 11  5  4  9    61.637707  4.4708E-03   ***
 8  6 13  5  4  9    61.643349  1.6430E-05     *
 8  3  5  5  4  7    61.646698  1.7440E-05     *
 8  2  5  5  3  7    61.646698  4.1461E-05     *
 8  4  7  5  3  7    61.666500  1.3286E-04    **
 8  4  9  5  3  7    61.678360  4.6501E-03   ***
 8  5  9  5  4  7    61.678360  3.6429E-03   ***
 8  5 11  5  3  7    61.686264  2.8275E-06      
 8  6 11  5  4  7    61.686264  1.3561E-05     *
 8  1  3  5  2  5    61.688026  3.7556E-05     *
 8  2  3  5  3  5    61.688026  2.9022E-05     *
 8  2  5  5  3  5    61.727810  2.0730E-06      
 8  3  5  5  2  5    61.727810  1.3527E-04    **
 8  0  1  5  1  3    61.729534  1.6893E-04    **
 8  1  1  5  2  3    61.729534  2.0864E-05     *
 8  3  7  5  2  5    61.747616  2.7054E-03   ***
 8  4  7  5  3  5    61.747616  3.5872E-03   ***
 8  5  9  5  3  5    61.759476  2.2216E-06      
 8  2  3  5  1  3    61.851067  8.7830E-05     *
 8  1  3  5  2  3    61.851067  4.1728E-06      
 8  2  5  5  1  3    61.890850  7.9047E-04    **
 8  3  5  5  2  3    61.890850  1.8938E-03   ***
 8  0  1  5  1  1    62.228477  8.4467E-05     *
 8  2  3  5  1  1    62.350010  4.3915E-04    **
