13  0  1 12  1  3     2.574452  1.3243E-06      
13  1  3 12  2  5     2.590939  1.5453E-06      
13  2  3 12  3  5     2.590939  1.2871E-06      
13  2  5 12  3  7     2.594336  1.8387E-06      
13  3  5 12  4  7     2.594336  1.3734E-06      
13  3  7 12  4  9     2.595436  1.7803E-06      
13  4  7 12  5  9     2.595436  1.2403E-06      
13  4  9 12  5 11     2.595859  1.5222E-06      
13  5  9 12  6 11     2.595859  1.0121E-06      
13  5 11 12  6 13     2.596029  1.1990E-06      
13 12 25 12 11 23     2.596807  9.1948E-05     *
13 11 23 12 10 21     2.596984  6.7138E-05     *
13 12 23 12 11 21     2.596984  8.4568E-05     *
13 10 21 12  9 19     2.597203  5.0277E-05     *
13 11 21 12 10 19     2.597203  6.1277E-05     *
13  9 19 12  8 17     2.597480  3.8400E-05     *
13 10 19 12  9 17     2.597480  4.5466E-05     *
13  8 17 12  7 15     2.597842  2.9712E-05     *
13  9 17 12  8 15     2.597842  3.4334E-05     *
13  7 15 12  6 13     2.598329  2.3109E-05     *
13  8 15 12  7 13     2.598329  2.6191E-05     *
13  6 13 12  5 11     2.599014  1.7896E-05     *
13  7 13 12  6 11     2.599014  1.9998E-05     *
13  5 11 12  4  9     2.600041  1.3624E-05     *
13  6 11 12  5  9     2.600041  1.5107E-05     *
13  4  9 12  3  7     2.601715  1.0002E-05     *
13  5  9 12  4  7     2.601715  1.1101E-05     *
13  3  7 12  2  5     2.604818  6.8534E-06      
13  4  7 12  3  5     2.604818  7.7162E-06      
13  2  5 12  1  3     2.611984  4.1148E-06      
13  3  5 12  2  3     2.611984  4.7974E-06      
13  1  3 12  0  1     2.638669  1.7606E-06      
13  2  3 12  1  1     2.638669  2.2860E-06      
13  0  1 11  1  3     5.919400  1.4910E-06      
13  1  3 11  2  5     5.932371  1.6377E-06      
13  2  3 11  3  5     5.932371  1.2551E-06      
13 11 23 11 10 21     5.933333  2.6597E-05     *
13 11 21 11 10 19     5.933744  2.4275E-05     *
13 10 21 11  9 19     5.933744  3.4983E-05     *
13  4  9 11  5 11     5.933795  1.2123E-06      
13  3  5 11  4  7     5.934018  1.2211E-06      
13  2  5 11  3  7     5.934018  1.7930E-06      
13  3  7 11  4  9     5.934071  1.5829E-06      
13 10 19 11  9 17     5.934254  3.1636E-05     *
13  9 19 11  8 17     5.934254  3.5234E-05     *
13  9 17 11  8 15     5.934906  3.1503E-05     *
13  8 17 11  7 15     5.934906  3.1986E-05     *
13  7 15 11  6 13     5.935766  2.7388E-05     *
13  8 15 11  7 13     5.935766  2.8195E-05     *
13  6 13 11  5 11     5.936951  2.2430E-05     *
13  7 13 11  6 11     5.936951  2.3701E-05     *
13  5 11 11  4  9     5.938676  1.7563E-05     *
13  6 11 11  5  9     5.938676  1.8934E-05     *
13  5  9 11  4  7     5.941397  1.4311E-05     *
13  4  9 11  3  7     5.941397  1.2990E-05     *
13  3  7 11  2  5     5.946250  8.8153E-06      
13  4  7 11  3  5     5.946250  1.0021E-05     *
13  2  5 11  1  3     5.956932  5.1471E-06      
13  3  5 11  2  3     5.956932  6.1707E-06      
13  1  1 11  0  1     5.966087  1.0700E-06      
13  2  3 11  1  1     5.994354  2.8595E-06      
13  1  3 11  0  1     5.994354  2.1401E-06      
13  1  1  1  0  1  2543.467773  3.6778E-04    **
13  1  3  1  0  1  2543.495850  7.3556E-04    **
13  2  3  1  0  1  2543.495850  3.4081E-06      
13  2  5  1  0  1  2543.505127  5.1121E-06      
13  0  1  2  1  3   618.757263  1.6159E-05     *
13  2  3  2  1  3   618.785522  4.6276E-05     *
13  2  5  2  1  3   618.794739  4.1648E-04    **
13  3  7  2  1  3   618.799377  3.2160E-06      
13  0  1  2  1  1   626.562195  8.0793E-06      
13  1  1  2  0  1   626.562195  8.1498E-05     *
13  1  3  2  0  1   626.590454  1.6300E-04    **
13  2  3  2  1  1   626.590454  2.3138E-04    **
13  3  5  2  1  1   626.599670  1.8760E-06      
13  2  5  4  3  7   143.113235  1.0548E-06      
13  4  7  4  3  7   143.117859  2.3973E-06      
13  4  9  4  3  7   143.120621  8.3907E-05     *
13  1  3  4  2  5   143.262314  3.5392E-06      
13  3  5  4  2  5   143.271576  5.4964E-06      
13  4  7  4  3  5   143.276199  6.4728E-05     *
13  3  7  4  2  5   143.276199  1.0993E-04    **
13  1  1  4  2  3   143.552460  1.9662E-06      
13  0  1  4  1  3   143.552460  7.1701E-06      
13  2  3  4  1  3   143.580719  7.9749E-06      
13  2  5  4  1  3   143.589981  7.1774E-05     *
13  3  5  4  2  3   143.589981  7.6949E-05     *
13  0  1  4  1  1   144.528015  3.5851E-06      
13  1  1  4  0  1   144.528015  1.2684E-05     *
13  1  3  4  0  1   144.556290  2.5368E-05     *
13  2  3  4  1  1   144.556290  3.9875E-05     *
13  1  3  3  2  5   266.222290  3.2471E-06      
13  3  5  3  2  5   266.231537  8.9188E-06      
13  3  7  3  2  5   266.236145  1.7838E-04    **
13  4  9  3  2  5   266.238922  1.2118E-06      
13  0  1  3  1  3   266.947998  1.0731E-05     *
13  1  1  3  2  3   266.947998  1.8039E-06      
13  2  3  3  1  3   266.976257  1.7082E-05     *
13  3  5  3  2  3   266.985504  1.2486E-04    **
13  2  5  3  1  3   266.985504  1.5374E-04    **
13  1  1  3  0  1   269.262817  2.7183E-05     *
13  0  1  3  1  1   269.262817  5.3653E-06      
13  1  3  3  0  1   269.291107  5.4367E-05     *
13  2  3  3  1  1   269.291107  8.5410E-05     *
13  7 15  7  6 13    36.634117  1.6233E-05     *
13  7 13  7  6 11    36.641552  1.4048E-05     *
13  6 13  7  5 11    36.641552  3.4552E-05     *
13  6 11  7  5  9    36.652027  2.9167E-05     *
13  5 11  7  4  9    36.652027  4.2656E-05     *
13  2  5  7  3  7    36.660511  1.8120E-06      
13  4  7  7  3  7    36.665127  1.1171E-06      
13  5  9  7  4  7    36.667892  3.4756E-05     *
13  4  9  7  3  7    36.667892  3.9099E-05     *
13  2  3  7  3  5    36.680813  1.2684E-06      
13  1  3  7  2  5    36.680813  2.4143E-06      
13  3  5  7  2  5    36.690079  1.4225E-06      
13  4  7  7  3  5    36.694691  3.0162E-05     *
13  3  7  7  2  5    36.694691  2.8449E-05     *
13  0  1  7  1  3    36.711945  2.9247E-06      
13  1  1  7  2  3    36.711945  1.3413E-06      
13  2  3  7  1  3    36.740215  1.7906E-06      
13  2  5  7  1  3    36.749477  1.6115E-05     *
13  3  5  7  2  3    36.749477  1.9914E-05     *
13  1  1  7  0  1    36.893467  3.0410E-06      
13  0  1  7  1  1    36.893467  1.4623E-06      
13  2  3  7  1  1    36.921738  8.9529E-06      
13  1  3  7  0  1    36.921738  6.0820E-06      
13  6 13  6  5 11    55.270195  2.4825E-05     *
13  6 11  6  5  9    55.287598  2.0956E-05     *
13  5 11  6  4  9    55.287598  4.8902E-05     *
13  2  5  6  3  7    55.306488  1.7681E-06      
13  4  7  6  3  7    55.311100  1.5410E-06      
13  5  9  6  4  7    55.313862  3.9846E-05     *
13  4  9  6  3  7    55.313862  5.3935E-05     *
13  2  3  6  3  5    55.344170  1.2377E-06      
13  1  3  6  2  5    55.344170  2.7780E-06      
13  3  5  6  2  5    55.353432  2.1103E-06      
13  4  7  6  3  5    55.358044  4.1607E-05     *
13  3  7  6  2  5    55.358044  4.2206E-05     *
13  1  1  6  2  3    55.410248  1.5433E-06      
13  0  1  6  1  3    55.410248  3.7661E-06      
13  2  3  6  1  3    55.438515  2.6925E-06      
13  3  5  6  2  3    55.447781  2.9544E-05     *
13  2  5  6  1  3    55.447781  2.4232E-05     *
13  0  1  6  1  1    55.698719  1.8831E-06      
13  1  1  6  0  1    55.698719  4.4654E-06      
13  2  3  6  1  1    55.726986  1.3462E-05     *
13  1  3  6  0  1    55.726986  8.9307E-06      
13  5 11  5  4  9    86.184982  4.3254E-05     *
13  2  5  5  3  7    86.224327  1.5753E-06      
13  4  7  5  3  7    86.228935  2.0888E-06      
13  4  9  5  3  7    86.231705  7.3110E-05     *
13  5  9  5  4  7    86.231705  3.5244E-05     *
13  1  3  5  2  5    86.296173  3.1954E-06      
13  2  3  5  3  5    86.296173  1.1027E-06      
13  3  5  5  2  5    86.305443  3.3126E-06      
13  3  7  5  2  5    86.310051  6.6252E-05     *
13  4  7  5  3  5    86.310051  5.6399E-05     *
13  1  1  5  2  3    86.430946  1.7752E-06      
13  0  1  5  1  3    86.430946  5.0649E-06      
13  2  3  5  1  3    86.459213  4.3837E-06      
13  3  5  5  2  3    86.468483  4.6376E-05     *
13  2  5  5  1  3    86.468483  3.9453E-05     *
13  0  1  5  1  1    86.929886  2.5324E-06      
13  1  1  5  0  1    86.929886  7.1042E-06      
13  1  3  5  0  1    86.958153  1.4208E-05     *
13  2  3  5  1  1    86.958153  2.1919E-05     *
13  0  1 10  1  3    10.318122  1.6874E-06      
13 10 21 10  9 19    10.320350  1.4590E-05     *
13 10 19 10  9 17    10.321196  1.3194E-05     *
13  9 19 10  8 17    10.321196  2.5513E-05     *
13  9 17 10  8 15    10.322267  2.2811E-05     *
13  8 17 10  7 15    10.322267  3.0211E-05     *
13  7 15 10  6 13    10.323664  3.0042E-05     *
13  8 15 10  7 13    10.323664  2.6630E-05     *
13  3  7 10  4  9    10.323692  1.4220E-06      
13  3  5 10  4  7    10.325151  1.0969E-06      
13  2  5 10  3  7    10.325151  1.7681E-06      
13  6 13 10  5 11    10.325568  2.6833E-05     *
13  7 13 10  6 11    10.325568  2.5998E-05     *
13  2  3 10  3  5    10.326025  1.2377E-06      
13  1  3 10  2  5    10.326025  1.7451E-06      
13  6 11 10  5  9    10.328298  2.2651E-05     *
13  5 11 10  4  9    10.328298  2.2030E-05     *
13  4  9 10  3  7    10.332530  1.6629E-05     *
13  5  9 10  4  7    10.332530  1.7951E-05     *
13  3  7 10  2  5    10.339905  1.1290E-05     *
13  4  7 10  3  5    10.339905  1.2828E-05     *
13  3  5 10  2  3    10.355654  7.9030E-06      
13  2  5 10  1  3    10.355654  6.4846E-06      
13  1  1 10  0  1    10.380286  1.3140E-06      
13  2  3 10  1  1    10.408553  3.6026E-06      
13  1  3 10  0  1    10.408553  2.6280E-06      
13  9 19  9  8 17    16.250011  1.1778E-05     *
13  8 17  9  7 15    16.251709  2.3869E-05     *
13  9 17  9  8 15    16.251709  1.0531E-05     *
13  7 15  9  6 13    16.253910  3.0539E-05     *
13  8 15  9  7 13    16.253910  2.1040E-05     *
13  3  7  9  4  9    16.256516  1.2856E-06      
13  6 13  9  5 11    16.256887  3.1269E-05     *
13  7 13  9  6 11    16.256887  2.6428E-05     *
13  2  5  9  3  7    16.260233  1.7760E-06      
13  5 11  9  4  9    16.261120  2.7654E-05     *
13  6 11  9  5  9    16.261120  2.6396E-05     *
13  1  1  9  2  3    16.264547  1.0580E-06      
13  0  1  9  1  3    16.264547  1.9641E-06      
13  1  3  9  2  5    16.264877  1.9045E-06      
13  2  3  9  3  5    16.264877  1.2432E-06      
13  4  9  9  3  7    16.267611  2.1634E-05     *
13  5  9  9  4  7    16.267611  2.2533E-05     *
13  3  7  9  2  5    16.278757  1.4825E-05     *
13  4  7  9  3  5    16.278757  1.6689E-05     *
13  3  5  9  2  3    16.302078  1.0377E-05     *
13  2  5  9  1  3    16.302078  8.4257E-06      
13  1  1  9  0  1    16.349855  1.6667E-06      
13  2  3  9  1  1    16.378124  4.6809E-06      
13  1  3  9  0  1    16.378124  3.3334E-06      
13  8 17  8  7 15    24.540480  1.2478E-05     *
13  8 15  8  7 13    24.543941  1.0999E-05     *
13  7 15  8  6 13    24.543941  2.6839E-05     *
13  7 13  8  6 11    24.548595  2.3226E-05     *
13  6 13  8  5 11    24.548595  3.4757E-05     *
13  3  7  8  4  9    24.550577  1.1442E-06      
13  6 11  8  5  9    24.555183  2.9340E-05     *
13  5 11  8  4  9    24.555183  3.4668E-05     *
13  2  5  8  3  7    24.557825  1.7993E-06      
13  5  9  8  4  7    24.565203  2.8248E-05     *
13  4  9  8  3  7    24.565203  2.8764E-05     *
13  1  3  8  2  5    24.568363  2.1247E-06      
13  2  3  8  3  5    24.568363  1.2595E-06      
13  3  5  8  2  5    24.577629  1.0063E-06      
13  1  1  8  2  3    24.579884  1.1804E-06      
13  0  1  8  1  3    24.579884  2.3574E-06      
13  4  7  8  3  5    24.582243  2.2189E-05     *
13  3  7  8  2  5    24.582243  2.0126E-05     *
13  2  3  8  1  3    24.608150  1.2644E-06      
13  3  5  8  2  3    24.617414  1.4089E-05     *
13  2  5  8  1  3    24.617414  1.1380E-05     *
13  1  1  8  0  1    24.701412  2.1987E-06      
13  0  1  8  1  1    24.701412  1.1787E-06      
13  1  3  8  0  1    24.729681  4.3974E-06      
13  2  3  8  1  1    24.729681  6.3221E-06      
