12  0  1 11  1  3     3.308998  2.9152E-06      
12  1  1 11  2  3     3.308998  1.6779E-06      
12  1  3 11  2  5     3.329651  3.0203E-06      
12  2  3 11  3  5     3.329651  2.6193E-06      
12  2  5 11  3  7     3.333814  3.7418E-06      
12  3  5 11  4  7     3.333814  2.7960E-06      
12  3  7 11  4  9     3.335120  3.6245E-06      
12  4  7 11  5  9     3.335120  2.4597E-06      
12  4  9 11  5 11     3.335595  3.0187E-06      
12  5  9 11  6 11     3.335595  1.9266E-06      
12  5 11 11  6 13     3.335767  2.2823E-06      
12  6 11 11  7 13     3.335767  1.3711E-06      
12  6 13 11  7 15     3.335811  1.5843E-06      
12 11 23 11 10 21     3.336880  2.2232E-04    **
12 10 21 11  9 19     3.337178  1.5458E-04    **
12 11 21 11 10 19     3.337178  2.0291E-04    **
12  9 19 11  8 17     3.337553  1.1116E-04    **
12 10 19 11  9 17     3.337553  1.3979E-04    **
12  8 17 11  7 15     3.338039  8.1894E-05     *
12  9 17 11  8 15     3.338039  9.9393E-05     *
12  7 15 11  6 13     3.338691  6.1191E-05     *
12  8 15 11  7 13     3.338691  7.2188E-05     *
12  6 13 11  5 11     3.339607  4.5860E-05     *
12  7 13 11  6 11     3.339607  5.2954E-05     *
12  5 11 11  4  9     3.340976  3.3978E-05     *
12  6 11 11  5  9     3.340976  3.8713E-05     *
12  4  9 11  3  7     3.343197  2.4346E-05     *
12  5  9 11  4  7     3.343197  2.7686E-05     *
12  2  3 11  1  3     3.344948  1.0324E-06      
12  3  7 11  2  5     3.347300  1.6225E-05     *
12  4  7 11  3  5     3.347300  1.8781E-05     *
12  0  1 11  1  1     3.355686  1.4576E-06      
12  1  1 11  0  1     3.355686  1.8291E-06      
12  2  5 11  1  3     3.356729  9.2916E-06      
12  3  5 11  2  3     3.356729  1.1358E-05     *
12  1  3 11  0  1     3.391635  3.6582E-06      
12  2  3 11  1  1     3.391635  5.1620E-06      
12  1  1  1  0  1  2540.857422  6.2812E-04    **
12  1  3  1  0  1  2540.893311  1.2562E-03   ***
12  2  3  1  0  1  2540.893311  6.1967E-06      
12  2  5  1  0  1  2540.905029  9.2951E-06      
12  0  1  2  1  3   616.146790  3.0406E-05     *
12  2  3  2  1  3   616.182739  8.4888E-05     *
12  3  5  2  1  3   616.194519  1.0056E-06      
12  2  5  2  1  3   616.194519  7.6399E-04    **
12  3  7  2  1  3   616.200439  6.0336E-06      
12  1  1  2  0  1   623.951721  1.3922E-04    **
12  0  1  2  1  1   623.951721  1.5203E-05     *
12  2  3  2  1  1   623.987671  4.2444E-04    **
12  1  3  2  0  1   623.987671  2.7843E-04    **
12  3  5  2  1  1   623.999451  3.5196E-06      
12  2  5  4  3  7   140.513031  1.9711E-06      
12  4  7  4  3  7   140.518906  4.7287E-06      
12  4  9  4  3  7   140.522415  1.6551E-04    **
12  5 11  4  3  7   140.524765  1.0031E-06      
12  1  3  4  2  5   140.659607  6.1196E-06      
12  2  3  4  3  5   140.659607  1.3798E-06      
12  3  5  4  2  5   140.671371  1.0505E-05     *
12  3  7  4  2  5   140.677246  2.1010E-04    **
12  4  7  4  3  5   140.677246  1.2768E-04    **
12  1  1  4  2  3   140.942047  3.3998E-06      
12  0  1  4  1  3   140.942047  1.3550E-05     *
12  2  3  4  1  3   140.978012  1.4622E-05     *
12  3  5  4  2  3   140.989777  1.4707E-04    **
12  2  5  4  1  3   140.989777  1.3159E-04    **
12  0  1  4  1  1   141.917618  6.7749E-06      
12  1  1  4  0  1   141.917618  2.1674E-05     *
12  1  3  4  0  1   141.953568  4.3348E-05     *
12  2  3  4  1  1   141.953568  7.3108E-05     *
12  1  3  3  2  5   263.619568  5.5902E-06      
12  3  5  3  2  5   263.631348  1.7055E-05     *
12  3  7  3  2  5   263.637207  3.4109E-04    **
12  4  9  3  2  5   263.640717  2.3057E-06      
12  0  1  3  1  3   264.337585  2.0227E-05     *
12  1  1  3  2  3   264.337585  3.1057E-06      
12  2  3  3  1  3   264.373535  3.1325E-05     *
12  2  5  3  1  3   264.385315  2.8192E-04    **
12  3  5  3  2  3   264.385315  2.3877E-04    **
12  4  7  3  2  3   264.391174  1.6601E-06      
12  0  1  3  1  1   266.652435  1.0114E-05     *
12  1  1  3  0  1   266.652435  4.6434E-05     *
12  2  3  3  1  1   266.688385  1.5662E-04    **
12  1  3  3  0  1   266.688385  9.2868E-05     *
12  7 15  7  6 13    34.037041  3.8829E-05     *
12  6 13  7  5 11    34.044205  7.5287E-05     *
12  7 13  7  6 11    34.044205  3.3602E-05     *
12  3  7  7  4  9    34.048473  1.9732E-06      
12  5  9  7  4  9    34.051983  1.6184E-06      
12  5 11  7  4  9    34.054329  8.7392E-05     *
12  6 11  7  5  9    34.054329  6.3554E-05     *
12  2  5  7  3  7    34.060307  3.4892E-06      
12  3  5  7  4  7    34.060307  1.5222E-06      
12  4  7  7  3  7    34.066174  2.1982E-06      
12  4  9  7  3  7    34.069687  7.6936E-05     *
12  5  9  7  4  7    34.069687  7.1208E-05     *
12  2  3  7  3  5    34.078091  2.4424E-06      
12  1  3  7  2  5    34.078091  4.2631E-06      
12  3  5  7  2  5    34.089874  2.7158E-06      
12  4  7  7  3  5    34.095741  5.9351E-05     *
12  3  7  7  2  5    34.095741  5.4317E-05     *
12  0  1  7  1  3    34.101547  5.6038E-06      
12  1  1  7  2  3    34.101547  2.3684E-06      
12  2  3  7  1  3    34.137493  3.2873E-06      
12  2  5  7  1  3    34.149273  2.9585E-05     *
12  3  5  7  2  3    34.149273  3.8022E-05     *
12  1  1  7  0  1    34.283066  5.2189E-06      
12  0  1  7  1  1    34.283066  2.8019E-06      
12  2  3  7  1  1    34.319012  1.6436E-05     *
12  1  3  7  0  1    34.319012  1.0438E-05     *
12  6 13  6  5 11    52.672848  5.4180E-05     *
12  3  7  6  4  9    52.684040  1.4494E-06      
12  5  9  6  4  9    52.687557  1.8579E-06      
12  6 11  6  5  9    52.689896  4.5737E-05     *
12  5 11  6  4  9    52.689896  1.0033E-04    **
12  3  5  6  4  7    52.706284  1.1181E-06      
12  2  5  6  3  7    52.706284  3.3632E-06      
12  4  7  6  3  7    52.712151  3.0352E-06      
12  5  9  6  4  7    52.715668  8.1747E-05     *
12  4  9  6  3  7    52.715668  1.0623E-04    **
12  2  3  6  3  5    52.741447  2.3542E-06      
12  1  3  6  2  5    52.741447  4.8628E-06      
12  3  5  6  2  5    52.753227  4.0302E-06      
12  4  7  6  3  5    52.759094  8.1949E-05     *
12  3  7  6  2  5    52.759094  8.0604E-05     *
12  1  1  6  2  3    52.799843  2.7016E-06      
12  0  1  6  1  3    52.799843  7.1736E-06      
12  2  3  6  1  3    52.835793  4.9389E-06      
12  3  5  6  2  3    52.847576  5.6423E-05     *
12  2  5  6  1  3    52.847576  4.4450E-05     *
12  0  1  6  1  1    53.088314  3.5868E-06      
12  1  1  6  0  1    53.088314  7.6470E-06      
12  2  3  6  1  1    53.124264  2.4694E-05     *
12  1  3  6  0  1    53.124264  1.5294E-05     *
12  5  9  5  4  9    83.584946  1.6450E-06      
12  5 11  5  4  9    83.587288  8.8829E-05     *
12  2  5  5  3  7    83.624123  2.9673E-06      
12  4  7  5  3  7    83.629990  4.1174E-06      
12  4  9  5  3  7    83.633507  1.4411E-04    **
12  5  9  5  4  7    83.633507  7.2379E-05     *
12  2  3  5  3  5    83.693451  2.0771E-06      
12  1  3  5  2  5    83.693451  5.5552E-06      
12  3  5  5  2  5    83.705231  6.3285E-06      
12  4  7  5  3  5    83.711105  1.1117E-04    **
12  3  7  5  2  5    83.711105  1.2657E-04    **
12  0  1  5  1  3    83.820541  9.6040E-06      
12  1  1  5  2  3    83.820541  3.0862E-06      
12  2  3  5  1  3    83.856491  8.0379E-06      
12  2  5  5  1  3    83.868279  7.2341E-05     *
12  3  5  5  2  3    83.868279  8.8599E-05     *
12  1  1  5  0  1    84.319489  1.2149E-05     *
12  0  1  5  1  1    84.319489  4.8020E-06      
12  2  3  5  1  1    84.355438  4.0189E-05     *
12  1  3  5  0  1    84.355438  2.4298E-05     *
12  1  1 10  2  3     7.707721  1.7868E-06      
12  0  1 10  1  3     7.707721  3.3275E-06      
12  2  3 10  3  5     7.723305  2.5359E-06      
12  1  3 10  2  5     7.723305  3.2163E-06      
12  5 11 10  6 13     7.723665  1.4622E-06      
12 10 21 10  9 19     7.723784  6.7904E-05     *
12  4  9 10  5 11     7.724213  2.2943E-06      
12  5  9 10  6 11     7.724213  1.2344E-06      
12 10 19 10  9 17     7.724494  6.1406E-05     *
12  9 19 10  8 17     7.724494  8.4715E-05     *
12  3  7 10  4  9     7.724741  3.1477E-06      
12  4  7 10  5  9     7.724741  1.8694E-06      
12  2  5 10  3  7     7.724948  3.6227E-06      
12  3  5 10  4  7     7.724948  2.4282E-06      
12  9 17 10  8 15     7.725399  7.5745E-05     *
12  8 17 10  7 15     7.725399  8.1300E-05     *
12  8 15 10  7 13     7.726589  7.1665E-05     *
12  7 15 10  6 13     7.726589  7.0420E-05     *
12  7 13 10  6 11     7.728225  6.0940E-05     *
12  6 13 10  5 11     7.728225  5.7407E-05     *
12  6 11 10  5  9     7.730597  4.8460E-05     *
12  5 11 10  4  9     7.730597  4.4441E-05     *
12  5  9 10  4  7     7.734330  3.6211E-05     *
12  4  9 10  3  7     7.734330  3.2349E-05     *
12  3  5 10  2  5     7.735086  1.0715E-06      
12  4  7 10  3  5     7.740954  2.4955E-05     *
12  3  7 10  2  5     7.740954  2.1430E-05     *
12  2  3 10  1  3     7.743670  1.3266E-06      
12  3  5 10  2  3     7.755451  1.5001E-05     *
12  2  5 10  1  3     7.755451  1.1939E-05     *
12  0  1 10  1  1     7.769885  1.6637E-06      
12  1  1 10  0  1     7.769885  2.2788E-06      
12  1  3 10  0  1     7.805834  4.5577E-06      
12  2  3 10  1  1     7.805834  6.6328E-06      
12  9 19  9  8 17    13.653310  3.9641E-05     *
12  1  1  9  2  3    13.654144  1.9168E-06      
12  0  1  9  1  3    13.654144  3.8305E-06      
12  8 17  9  7 15    13.654841  6.5079E-05     *
12  9 17  9  8 15    13.654841  3.5444E-05     *
12  4  9  9  5 11    13.655532  1.7241E-06      
12  7 15  9  6 13    13.656836  7.2472E-05     *
12  8 15  9  7 13    13.656836  5.7366E-05     *
12  4  7  9  5  9    13.657564  1.4048E-06      
12  3  7  9  4  9    13.657564  2.7476E-06      
12  6 13  9  5 11    13.659544  6.7652E-05     *
12  7 13  9  6 11    13.659544  6.2716E-05     *
12  3  5  9  4  7    13.660028  2.1196E-06      
12  2  5  9  3  7    13.660028  3.5450E-06      
12  5  9  9  4  9    13.661079  1.0431E-06      
12  2  3  9  3  5    13.662158  2.4815E-06      
12  1  3  9  2  5    13.662158  3.4502E-06      
12  5 11  9  4  9    13.663421  5.6328E-05     *
12  6 11  9  5  9    13.663421  5.7109E-05     *
12  4  7  9  3  7    13.665895  1.2115E-06      
12  4  9  9  3  7    13.669411  4.2401E-05     *
12  5  9  9  4  7    13.669411  4.5897E-05     *
12  3  5  9  2  5    13.673939  1.4135E-06      
12  4  7  9  3  5    13.679806  3.2709E-05     *
12  3  7  9  2  5    13.679806  2.8270E-05     *
12  2  3  9  1  3    13.690094  1.7237E-06      
12  2  5  9  1  3    13.701875  1.5514E-05     *
12  3  5  9  2  3    13.701875  1.9789E-05     *
12  1  1  9  0  1    13.739453  2.8806E-06      
12  0  1  9  1  1    13.739453  1.9153E-06      
12  1  3  9  0  1    13.775403  5.7612E-06      
12  2  3  9  1  1    13.775403  8.6187E-06      
12  8 17  8  7 15    21.943611  3.4207E-05     *
12  7 15  8  6 13    21.946867  6.4020E-05     *
12  8 15  8  7 13    21.946867  3.0153E-05     *
12  4  9  8  5 11    21.947241  1.2326E-06      
12  6 13  8  5 11    21.951252  7.5546E-05     *
12  7 13  8  6 11    21.951252  5.5402E-05     *
12  3  7  8  4  9    21.951628  2.3813E-06      
12  4  7  8  5  9    21.951628  1.0044E-06      
12  5  9  8  4  9    21.955141  1.3126E-06      
12  5 11  8  4  9    21.957483  7.0882E-05     *
12  6 11  8  5  9    21.957483  6.3772E-05     *
12  2  5  8  3  7    21.957621  3.5191E-06      
12  3  5  8  4  7    21.957621  1.8370E-06      
12  4  7  8  3  7    21.963488  1.6150E-06      
12  2  3  8  3  5    21.965643  2.4634E-06      
12  1  3  8  2  5    21.965643  3.7940E-06      
12  4  9  8  3  7    21.967003  5.6524E-05     *
12  5  9  8  4  7    21.967003  5.7756E-05     *
12  1  1  8  2  3    21.969481  2.1078E-06      
12  0  1  8  1  3    21.969481  4.5519E-06      
12  3  5  8  2  5    21.977425  1.9208E-06      
12  3  7  8  2  5    21.983292  3.8415E-05     *
12  4  7  8  3  5    21.983292  4.3604E-05     *
12  2  3  8  1  3    22.005430  2.3244E-06      
12  2  5  8  1  3    22.017210  2.0919E-05     *
12  3  5  8  2  3    22.017210  2.6891E-05     *
12  1  1  8  0  1    22.091011  3.7848E-06      
12  0  1  8  1  1    22.091011  2.2760E-06      
12  2  3  8  1  1    22.126959  1.1622E-05     *
12  1  3  8  0  1    22.126959  7.5697E-06      
