N1 L1  POPULATION  POLAR.UP   POLAR.DN   WID (EV)   RAD/AUG    S-O(EV)    K-ELECT    L-ELECT    M-ELECT    *******  
 ------------------------------------------------------------------------------------------------------------------------
 15, 0   4.444E-03  1.000E+00     ***     2.056E+00  8.753E-03     ***     2.000E+00  6.020E+00  1.800E+01
 15, 1   1.333E-02  5.556E-01 -3.333E-01  2.234E+00  6.431E-02  1.800E+01  2.000E+00  6.020E+00  1.800E+01
 15, 2   2.222E-02  4.667E-01 -3.333E-01  2.283E+00  2.841E-02  6.000E+00  2.000E+00  6.020E+00  1.800E+01
 15, 3   3.111E-02  4.286E-01 -3.333E-01  2.435E+00  1.295E-02  3.000E+00  2.000E+00  6.020E+00  1.800E+01
 15, 4   4.000E-02  4.074E-01 -3.333E-01  2.668E+00  6.973E-03  1.800E+00  2.000E+00  6.020E+00  1.800E+01
 15, 5   4.889E-02  3.939E-01 -3.333E-01  2.971E+00  4.122E-03  1.200E+00  2.000E+00  6.020E+00  1.800E+01
 15, 6   5.778E-02  3.846E-01 -3.333E-01  3.337E+00  2.592E-03  8.571E-01  2.000E+00  6.020E+00  1.800E+01
 15, 7   6.667E-02  3.778E-01 -3.333E-01  3.766E+00  1.706E-03  6.429E-01  2.000E+00  6.020E+00  1.800E+01
 15, 8   7.556E-02  3.725E-01 -3.333E-01  4.250E+00  1.166E-03  5.000E-01  2.000E+00  6.020E+00  1.800E+01
 15, 9   8.444E-02  3.684E-01 -3.333E-01  4.784E+00  8.229E-04  4.000E-01  2.000E+00  6.020E+00  1.800E+01
 15,10   9.333E-02  3.651E-01 -3.333E-01  5.357E+00  5.977E-04  3.273E-01  2.000E+00  6.020E+00  1.800E+01
 15,11   1.022E-01  3.623E-01 -3.333E-01  5.956E+00  4.459E-04  2.727E-01  2.000E+00  6.020E+00  1.800E+01
 15,12   1.111E-01  3.600E-01 -3.333E-01  6.564E+00  3.412E-04  2.308E-01  2.000E+00  6.020E+00  1.800E+01
 15,13   1.200E-01  3.580E-01 -3.333E-01  7.163E+00  2.673E-04  1.978E-01  2.000E+00  6.020E+00  1.800E+01
 15,14   1.289E-01  3.563E-01 -3.333E-01  7.732E+00  2.144E-04  1.714E-01  2.000E+00  6.020E+00  1.800E+01
 ------------------------------------------------------------------------------------------------------------------------
 14, 0   3.773E-03  7.686E-01     ***     1.729E+00  1.273E-02     ***     1.317E+00  5.759E+00  1.786E+01
 14, 1   1.101E-02  4.985E-01 -3.333E-01  1.909E+00  9.512E-02  2.214E+01  1.323E+00  5.755E+00  1.784E+01
 14, 2   1.863E-02  4.387E-01 -3.220E-01  1.912E+00  4.224E-02  7.380E+00  1.313E+00  5.763E+00  1.784E+01
 14, 3   2.615E-02  4.109E-01 -3.273E-01  2.005E+00  1.943E-02  3.690E+00  1.303E+00  5.771E+00  1.784E+01
 14, 4   3.355E-02  3.948E-01 -3.308E-01  2.161E+00  1.059E-02  2.214E+00  1.293E+00  5.780E+00  1.784E+01
 14, 5   4.102E-02  3.843E-01 -3.322E-01  2.364E+00  6.359E-03  1.476E+00  1.281E+00  5.790E+00  1.784E+01
 14, 6   4.876E-02  3.768E-01 -3.328E-01  2.608E+00  4.069E-03  1.054E+00  1.268E+00  5.801E+00  1.783E+01
 14, 7   5.702E-02  3.713E-01 -3.331E-01  2.885E+00  2.730E-03  7.907E-01  1.254E+00  5.813E+00  1.783E+01
 14, 8   6.607E-02  3.671E-01 -3.332E-01  3.191E+00  1.904E-03  6.150E-01  1.240E+00  5.825E+00  1.782E+01
 14, 9   7.619E-02  3.637E-01 -3.333E-01  3.518E+00  1.372E-03  4.920E-01  1.226E+00  5.837E+00  1.782E+01
 14,10   8.774E-02  3.609E-01 -3.333E-01  3.855E+00  1.019E-03  4.025E-01  1.210E+00  5.850E+00  1.781E+01
 14,11   1.011E-01  3.586E-01 -3.333E-01  4.188E+00  7.780E-04  3.354E-01  1.194E+00  5.864E+00  1.781E+01
 14,12   1.169E-01  3.566E-01 -3.333E-01  4.502E+00  6.106E-04  2.838E-01  1.176E+00  5.880E+00  1.780E+01
 14,13   1.357E-01  3.549E-01 -3.333E-01  4.782E+00  4.921E-04  2.433E-01  1.157E+00  5.897E+00  1.779E+01
 ------------------------------------------------------------------------------------------------------------------------
 13, 0   4.352E-03  6.882E-01     ***     1.424E+00  1.920E-02     ***     1.063E+00  5.275E+00  1.775E+01
 13, 1   1.238E-02  4.692E-01 -3.283E-01  1.627E+00  1.456E-01  2.765E+01  1.063E+00  5.281E+00  1.774E+01
 13, 2   2.132E-02  4.232E-01 -3.178E-01  1.587E+00  6.480E-02  9.217E+00  1.051E+00  5.286E+00  1.774E+01
 13, 3   3.009E-02  4.008E-01 -3.256E-01  1.637E+00  2.995E-02  4.609E+00  1.036E+00  5.296E+00  1.773E+01
 13, 4   3.860E-02  3.872E-01 -3.302E-01  1.742E+00  1.645E-02  2.765E+00  1.017E+00  5.312E+00  1.772E+01
 13, 5   4.718E-02  3.782E-01 -3.320E-01  1.881E+00  9.981E-03  1.843E+00  9.924E-01  5.330E+00  1.772E+01
 13, 6   5.626E-02  3.717E-01 -3.327E-01  2.044E+00  6.472E-03  1.317E+00  9.644E-01  5.349E+00  1.771E+01
 13, 7   6.630E-02  3.668E-01 -3.330E-01  2.223E+00  4.414E-03  9.875E-01  9.331E-01  5.368E+00  1.770E+01
 13, 8   7.780E-02  3.631E-01 -3.332E-01  2.409E+00  3.140E-03  7.681E-01  8.985E-01  5.386E+00  1.768E+01
 13, 9   9.139E-02  3.600E-01 -3.333E-01  2.592E+00  2.318E-03  6.145E-01  8.602E-01  5.402E+00  1.767E+01
 13,10   1.079E-01  3.575E-01 -3.333E-01  2.760E+00  1.772E-03  5.028E-01  8.179E-01  5.418E+00  1.765E+01
 13,11   1.285E-01  3.553E-01 -3.333E-01  2.900E+00  1.401E-03  4.190E-01  7.706E-01  5.432E+00  1.763E+01
 13,12   1.547E-01  3.535E-01 -3.333E-01  2.997E+00  1.145E-03  3.545E-01  7.173E-01  5.445E+00  1.760E+01
 ------------------------------------------------------------------------------------------------------------------------
 12, 0   5.016E-03  6.124E-01     ***     1.110E+00  3.122E-02     ***     8.872E-01  4.703E+00  1.764E+01
 12, 1   1.384E-02  4.396E-01 -3.229E-01  1.354E+00  2.403E-01  3.516E+01  8.849E-01  4.722E+00  1.762E+01
 12, 2   2.453E-02  4.077E-01 -3.143E-01  1.272E+00  1.066E-01  1.172E+01  8.718E-01  4.721E+00  1.762E+01
 12, 3   3.511E-02  3.906E-01 -3.245E-01  1.287E+00  4.916E-02  5.859E+00  8.539E-01  4.730E+00  1.761E+01
 12, 4   4.525E-02  3.795E-01 -3.299E-01  1.359E+00  2.698E-02  3.516E+00  8.285E-01  4.748E+00  1.760E+01
 12, 5   5.558E-02  3.719E-01 -3.319E-01  1.459E+00  1.639E-02  2.344E+00  7.968E-01  4.768E+00  1.758E+01
 12, 6   6.683E-02  3.664E-01 -3.327E-01  1.576E+00  1.066E-02  1.674E+00  7.600E-01  4.786E+00  1.757E+01
 12, 7   7.980E-02  3.622E-01 -3.331E-01  1.703E+00  7.308E-03  1.256E+00  7.188E-01  4.798E+00  1.755E+01
 12, 8   9.550E-02  3.588E-01 -3.332E-01  1.832E+00  5.237E-03  9.766E-01  6.737E-01  4.804E+00  1.752E+01
 12, 9   1.153E-01  3.561E-01 -3.333E-01  1.953E+00  3.903E-03  7.813E-01  6.247E-01  4.802E+00  1.749E+01
 12,10   1.412E-01  3.538E-01 -3.333E-01  2.057E+00  3.019E-03  6.392E-01  5.718E-01  4.789E+00  1.746E+01
 12,11   1.764E-01  3.518E-01 -3.333E-01  2.131E+00  2.423E-03  5.327E-01  5.149E-01  4.766E+00  1.742E+01
 ------------------------------------------------------------------------------------------------------------------------
 11, 0   5.702E-03  5.459E-01     ***     8.311E-01  5.437E-02     ***     7.526E-01  4.073E+00  1.753E+01
 11, 1   1.513E-02  4.090E-01 -3.158E-01  1.135E+00  4.271E-01  4.564E+01  7.480E-01  4.108E+00  1.750E+01
 11, 2   2.808E-02  3.916E-01 -3.116E-01  1.004E+00  1.877E-01  1.521E+01  7.354E-01  4.094E+00  1.749E+01
 11, 3   4.120E-02  3.800E-01 -3.240E-01  9.879E-01  8.573E-02  7.607E+00  7.165E-01  4.099E+00  1.748E+01
 11, 4   5.371E-02  3.715E-01 -3.298E-01  1.034E+00  4.670E-02  4.564E+00  6.881E-01  4.114E+00  1.746E+01
 11, 5   6.663E-02  3.654E-01 -3.320E-01  1.108E+00  2.819E-02  3.043E+00  6.524E-01  4.129E+00  1.744E+01
 11, 6   8.128E-02  3.608E-01 -3.328E-01  1.197E+00  1.827E-02  2.173E+00  6.111E-01  4.134E+00  1.741E+01
 11, 7   9.916E-02  3.572E-01 -3.331E-01  1.293E+00  1.251E-02  1.630E+00  5.656E-01  4.127E+00  1.737E+01
 11, 8   1.224E-01  3.543E-01 -3.332E-01  1.387E+00  8.974E-03  1.268E+00  5.166E-01  4.102E+00  1.733E+01
 11, 9   1.542E-01  3.518E-01 -3.333E-01  1.472E+00  6.720E-03  1.014E+00  4.650E-01  4.056E+00  1.728E+01
 11,10   2.007E-01  3.497E-01 -3.333E-01  1.539E+00  5.241E-03  8.299E-01  4.117E-01  3.990E+00  1.722E+01
 ------------------------------------------------------------------------------------------------------------------------
 10, 0   6.180E-03  4.834E-01     ***     5.766E-01  1.070E-01     ***     6.458E-01  3.393E+00  1.739E+01
 10, 1   1.575E-02  3.753E-01 -3.069E-01  9.720E-01  8.646E-01  6.075E+01  6.396E-01  3.446E+00  1.735E+01
 10, 2   3.134E-02  3.741E-01 -3.100E-01  7.788E-01  3.707E-01  2.025E+01  6.284E-01  3.415E+00  1.734E+01
 10, 3   4.807E-02  3.685E-01 -3.239E-01  7.288E-01  1.653E-01  1.013E+01  6.101E-01  3.409E+00  1.732E+01
 10, 4   6.405E-02  3.628E-01 -3.300E-01  7.536E-01  8.817E-02  6.075E+00  5.801E-01  3.416E+00  1.729E+01
 10, 5   8.102E-02  3.583E-01 -3.322E-01  8.088E-01  5.229E-02  4.050E+00  5.418E-01  3.416E+00  1.726E+01
 10, 6   1.014E-01  3.546E-01 -3.329E-01  8.786E-01  3.342E-02  2.893E+00  4.981E-01  3.398E+00  1.721E+01
 10, 7   1.283E-01  3.517E-01 -3.332E-01  9.538E-01  2.267E-02  2.170E+00  4.509E-01  3.354E+00  1.716E+01
 10, 8   1.668E-01  3.492E-01 -3.333E-01  1.027E+00  1.619E-02  1.688E+00  4.017E-01  3.278E+00  1.709E+01
 10, 9   2.268E-01  3.471E-01 -3.333E-01  1.091E+00  1.210E-02  1.350E+00  3.520E-01  3.168E+00  1.700E+01
 ------------------------------------------------------------------------------------------------------------------------
  9, 0   6.210E-03  4.265E-01     ***     3.982E-01  2.291E-01     ***     5.562E-01  2.689E+00  1.731E+01
  9, 1   1.559E-02  3.389E-01 -2.959E-01  9.284E-01  1.970E+00  8.333E+01  5.588E-01  2.761E+00  1.719E+01
  9, 2   3.417E-02  3.550E-01 -3.103E-01  6.446E-01  8.072E-01  2.778E+01  5.455E-01  2.705E+00  1.719E+01
  9, 3   5.637E-02  3.559E-01 -3.245E-01  5.495E-01  3.452E-01  1.389E+01  5.280E-01  2.680E+00  1.716E+01
  9, 4   7.804E-02  3.533E-01 -3.303E-01  5.495E-01  1.785E-01  8.333E+00  4.969E-01  2.670E+00  1.711E+01
  9, 5   1.021E-01  3.505E-01 -3.324E-01  5.845E-01  1.034E-01  5.556E+00  4.566E-01  2.644E+00  1.705E+01
  9, 6   1.332E-01  3.480E-01 -3.330E-01  6.348E-01  6.502E-02  3.968E+00  4.108E-01  2.584E+00  1.697E+01
  9, 7   1.789E-01  3.458E-01 -3.332E-01  6.891E-01  4.374E-02  2.976E+00  3.622E-01  2.482E+00  1.688E+01
  9, 8   2.532E-01  3.438E-01 -3.333E-01  7.407E-01  3.116E-02  2.315E+00  3.131E-01  2.334E+00  1.676E+01
 ------------------------------------------------------------------------------------------------------------------------
  8, 0   5.057E-03  3.719E-01     ***     2.319E-01  7.792E-01     ***     4.795E-01  1.997E+00  1.720E+01
  8, 1   1.390E-02  3.032E-01 -2.848E-01  9.969E-01  6.987E+00  1.187E+02  4.896E-01  2.110E+00  1.703E+01
  8, 2   3.459E-02  3.351E-01 -3.135E-01  5.731E-01  2.475E+00  3.955E+01  4.774E-01  2.002E+00  1.700E+01
  8, 3   6.413E-02  3.423E-01 -3.259E-01  4.174E-01  9.158E-01  1.978E+01  4.662E-01  1.934E+00  1.696E+01
  8, 4   9.559E-02  3.431E-01 -3.309E-01  3.948E-01  4.246E-01  1.187E+01  4.385E-01  1.883E+00  1.689E+01
  8, 5   1.332E-01  3.422E-01 -3.326E-01  4.181E-01  2.275E-01  7.910E+00  3.987E-01  1.803E+00  1.679E+01
  8, 6   1.876E-01  3.409E-01 -3.331E-01  4.585E-01  1.359E-01  5.650E+00  3.532E-01  1.671E+00  1.667E+01
  8, 7   2.793E-01  3.395E-01 -3.333E-01  5.015E-01  8.898E-02  4.238E+00  3.078E-01  1.479E+00  1.652E+01
 ------------------------------------------------------------------------------------------------------------------------
  7, 0   1.644E-03  2.519E-01     ***     2.048E-01  2.336E+00     ***     4.168E-01  1.887E+00  1.696E+01
  7, 1   1.383E-02  2.683E-01 -2.703E-01  1.346E+00  2.404E+01  1.771E+02  4.200E-01  1.517E+00  1.692E+01
  7, 2   3.706E-02  3.138E-01 -3.197E-01  6.818E-01  7.989E+00  5.904E+01  4.048E-01  1.374E+00  1.681E+01
  7, 3   7.569E-02  3.263E-01 -3.280E-01  3.968E-01  2.921E+00  2.952E+01  3.873E-01  1.255E+00  1.673E+01
  7, 4   1.235E-01  3.313E-01 -3.314E-01  2.922E-01  1.479E+00  1.771E+01  3.540E-01  1.132E+00  1.662E+01
  7, 5   1.879E-01  3.331E-01 -3.328E-01  2.310E-01  9.896E-01  1.181E+01  3.085E-01  9.607E-01  1.648E+01
  7, 6   2.928E-01  3.335E-01 -3.332E-01  1.762E-01  8.620E-01  8.434E+00  2.570E-01  7.251E-01  1.631E+01
 ------------------------------------------------------------------------------------------------------------------------
  6, 0   1.016E-03  2.430E-01     ***     2.405E-01  6.848E+00     ***     5.948E-01  1.829E+00  1.702E+01
  6, 1   8.723E-03  2.616E-01 -2.885E-01  2.058E+00  7.474E+01  2.813E+02  5.513E-01  1.366E+00  1.690E+01
  6, 2   3.231E-02  3.031E-01 -3.240E-01  9.928E-01  2.573E+01  9.375E+01  4.734E-01  1.028E+00  1.675E+01
  6, 3   8.146E-02  3.167E-01 -3.301E-01  5.151E-01  9.324E+00  4.688E+01  4.176E-01  8.053E-01  1.661E+01
  6, 4   1.621E-01  3.229E-01 -3.324E-01  3.297E-01  4.976E+00  2.813E+01  3.464E-01  5.911E-01  1.645E+01
  6, 5   3.151E-01  3.258E-01 -3.332E-01  2.277E-01  3.929E+00  1.875E+01  2.554E-01  3.507E-01  1.624E+01
 ------------------------------------------------------------------------------------------------------------------------
  5, 0   1.022E-03  2.475E-01     ***     3.327E-01  2.292E+01     ***     9.019E-01  2.012E+00  1.712E+01
  5, 1   9.119E-03  2.634E-01 -2.968E-01  3.466E+00  2.413E+02  4.860E+02  8.254E-01  1.394E+00  1.695E+01
  5, 2   4.057E-02  2.981E-01 -3.266E-01  1.658E+00  7.915E+01  1.620E+02  6.835E-01  9.001E-01  1.674E+01
  5, 3   1.308E-01  3.101E-01 -3.316E-01  8.234E-01  2.901E+01  8.100E+01  5.374E-01  5.510E-01  1.653E+01
  5, 4   3.788E-01  3.157E-01 -3.330E-01  4.976E-01  1.781E+01  4.860E+01  3.481E-01  2.500E-01  1.627E+01
 ------------------------------------------------------------------------------------------------------------------------
  4, 0   1.818E-03  2.451E-01     ***     4.991E-01  1.383E+02     ***     1.011E+00  1.991E+00  1.712E+01
  4, 1   1.819E-02  2.607E-01 -3.050E-01  6.563E+00  1.338E+03  9.492E+02  9.279E-01  1.297E+00  1.693E+01
  4, 2   1.040E-01  2.909E-01 -3.290E-01  3.174E+00  3.850E+02  3.164E+02  7.438E-01  7.014E-01  1.666E+01
  4, 3   5.013E-01  3.013E-01 -3.327E-01  1.550E+00  1.547E+02  1.582E+02  4.707E-01  2.671E-01  1.634E+01
 ------------------------------------------------------------------------------------------------------------------------
  3, 0   4.811E-03  2.377E-01     ***     7.072E-01  1.890E+03     ***     1.022E+00  1.842E+00  1.708E+01
  3, 1   6.487E-02  2.509E-01 -3.151E-01  1.469E+01  1.558E+04  2.250E+03  8.903E-01  1.030E+00  1.682E+01
  3, 2   6.681E-01  2.775E-01 -3.318E-01  7.441E+00  4.270E+03  7.500E+02  5.740E-01  3.482E-01  1.642E+01
 ------------------------------------------------------------------------------------------------------------------------
  2, 0   2.660E-02  2.223E-01     ***     4.822E-02  2.091E+00     ***     9.658E-01  1.450E+00  1.695E+01
  2, 1   8.773E-01  2.272E-01 -3.201E-01  4.126E+01  6.949E+05  7.594E+03  6.653E-01  5.008E-01  1.652E+01
 ------------------------------------------------------------------------------------------------------------------------
  1, 0   1.000E+00  1.914E-01     ***        ***        ***        ***     7.047E-01  6.133E-01  1.657E+01
 ------------------------------------------------------------------------------------------------------------------------