11  1  1  1  0  1  2537.501465  1.0637E-03   ***
11  1  3  1  0  1  2537.548340  2.1273E-03   ***
11  2  3  1  0  1  2537.548340  1.1600E-05     *
11  2  5  1  0  1  2537.563477  1.7400E-05     *
11  0  1  2  1  3   612.791138  6.0057E-05     *
11  2  3  2  1  3   612.837769  1.6073E-04    **
11  2  5  2  1  3   612.853088  1.4466E-03   ***
11  3  5  2  1  3   612.853088  1.9834E-06      
11  3  7  2  1  3   612.860718  1.1900E-05     *
11  1  1  2  0  1   620.596069  2.3580E-04    **
11  0  1  2  1  1   620.596069  3.0028E-05     *
11  2  3  2  1  1   620.642761  8.0364E-04    **
11  1  3  2  0  1   620.642761  4.7161E-04    **
11  3  5  2  1  1   620.658020  6.9418E-06      
11  2  5  4  3  7   137.171600  3.8228E-06      
11  4  7  4  3  7   137.179230  9.9793E-06      
11  4  9  4  3  7   137.183792  3.4928E-04    **
11  5 11  4  3  7   137.186829  2.0573E-06      
11  1  3  4  2  5   137.314651  1.0529E-05     *
11  2  3  4  3  5   137.314651  2.6759E-06      
11  3  5  4  2  5   137.329941  2.1224E-05     *
11  3  7  4  2  5   137.337570  4.2448E-04    **
11  4  7  4  3  5   137.337570  2.6944E-04    **
11  5  9  4  3  5   137.342133  1.6164E-06      
11  0  1  4  1  3   137.586365  2.6910E-05     *
11  1  1  4  2  3   137.586365  5.8494E-06      
11  1  3  4  2  3   137.633057  1.1699E-06      
11  2  3  4  1  3   137.633057  2.7664E-05     *
11  2  5  4  1  3   137.648346  2.4898E-04    **
11  3  5  4  2  3   137.648346  2.9714E-04    **
11  0  1  4  1  1   138.561935  1.3455E-05     *
11  1  1  4  0  1   138.561935  3.6725E-05     *
11  2  3  4  1  1   138.608612  1.3832E-04    **
11  1  3  4  0  1   138.608612  7.3450E-05     *
11  1  3  3  2  5   260.274628  9.5645E-06      
11  3  5  3  2  5   260.289917  3.4481E-05     *
11  3  7  3  2  5   260.297546  6.8961E-04    **
11  4  9  3  2  5   260.302094  4.6412E-06      
11  0  1  3  1  3   260.981873  4.0042E-05     *
11  1  1  3  2  3   260.981873  5.3136E-06      
11  2  3  3  1  3   261.028595  5.9283E-05     *
11  1  3  3  2  3   261.028595  1.0627E-06      
11  2  5  3  1  3   261.043884  5.3355E-04    **
11  3  5  3  2  3   261.043884  4.8273E-04    **
11  4  7  3  2  3   261.051514  3.3417E-06      
11  0  1  3  1  1   263.296722  2.0021E-05     *
11  1  1  3  0  1   263.296722  7.8647E-05     *
11  2  3  3  1  1   263.343414  2.9642E-04    **
11  1  3  3  0  1   263.343414  1.5729E-04    **
11  7 13  7  6 13    30.698351  1.0144E-06      
11  7 15  7  6 13    30.699978  1.0549E-04    **
11  4  9  7  5 11    30.701561  1.8013E-06      
11  6 11  7  5 11    30.704601  2.3439E-06      
11  6 13  7  5 11    30.706770  1.8048E-04    **
11  7 13  7  6 11    30.706770  9.1292E-05     *
11  4  7  7  5  9    30.708790  1.4677E-06      
11  3  7  7  4  9    30.708790  4.3474E-06      
11  5  9  7  4  9    30.713352  3.5823E-06      
11  5 11  7  4  9    30.716391  1.9344E-04    **
11  6 11  7  5  9    30.716391  1.5236E-04    **
11  3  5  7  4  7    30.718874  3.3537E-06      
11  2  5  7  3  7    30.718874  7.0464E-06      
11  4  7  7  3  7    30.726492  4.6199E-06      
11  5  9  7  4  7    30.731054  1.5762E-04    **
11  4  9  7  3  7    30.731054  1.6170E-04    **
11  1  3  7  2  5    30.733147  7.5435E-06      
11  2  3  7  3  5    30.733147  4.9325E-06      
11  0  1  7  1  3    30.745859  1.1333E-05     *
11  1  1  7  2  3    30.745859  4.1908E-06      
11  3  5  7  2  5    30.748442  5.4751E-06      
11  3  7  7  2  5    30.756060  1.0950E-04    **
11  4  7  7  3  5    30.756060  1.2474E-04    **
11  2  3  7  1  3    30.792545  6.2271E-06      
11  3  5  7  2  3    30.807842  7.6651E-05     *
11  2  5  7  1  3    30.807842  5.6044E-05     *
11  1  1  7  0  1    30.927380  8.8901E-06      
11  0  1  7  1  1    30.927380  5.6667E-06      
11  1  3  7  0  1    30.974068  1.7780E-05     *
11  2  3  7  1  1    30.974068  3.1135E-05     *
11  6 11  6  5 11    49.333244  1.6915E-06      
11  6 13  6  5 11    49.335411  1.3024E-04    **
11  3  7  6  4  9    49.344357  3.1231E-06      
11  5  9  6  4  9    49.348919  4.1224E-06      
11  6 11  6  5  9    49.351959  1.0995E-04    **
11  5 11  6  4  9    49.351959  2.2261E-04    **
11  3  5  6  4  7    49.364849  2.4093E-06      
11  2  5  6  3  7    49.364849  6.6789E-06      
11  4  7  6  3  7    49.372467  6.3905E-06      
11  5  9  6  4  7    49.377033  1.8139E-04    **
11  4  9  6  3  7    49.377033  2.2367E-04    **
11  2  3  6  3  5    49.396500  4.6752E-06      
11  1  3  6  2  5    49.396500  8.5040E-06      
11  3  5  6  2  5    49.411797  8.1314E-06      
11  4  7  6  3  5    49.419415  1.7254E-04    **
11  3  7  6  2  5    49.419415  1.6263E-04    **
11  1  1  6  2  3    49.444160  4.7244E-06      
11  0  1  6  1  3    49.444160  1.4395E-05     *
11  2  3  6  1  3    49.490849  9.3483E-06      
11  3  5  6  2  3    49.506142  1.1384E-04    **
11  2  5  6  1  3    49.506142  8.4135E-05     *
11  0  1  6  1  1    49.732632  7.1974E-06      
11  1  1  6  0  1    49.732632  1.2992E-05     *
11  2  3  6  1  1    49.779320  4.6741E-05     *
11  1  3  6  0  1    49.779320  2.5985E-05     *
11  3  7  5  4  9    80.241753  1.6018E-06      
11  5  9  5  4  9    80.246315  3.6559E-06      
11  5 11  5  4  9    80.249352  1.9742E-04    **
11  6 13  5  4  9    80.251526  1.0238E-06      
11  3  5  5  4  7    80.282684  1.2357E-06      
11  2  5  5  3  7    80.282684  5.8156E-06      
11  4  7  5  3  7    80.290306  8.6803E-06      
11  5  9  5  4  7    80.294868  1.6086E-04    **
11  4  9  5  3  7    80.294868  3.0381E-04    **
11  1  3  5  2  5    80.348503  9.6265E-06      
11  2  3  5  3  5    80.348503  4.0709E-06      
11  3  5  5  2  5    80.363800  1.2777E-05     *
11  3  7  5  2  5    80.371422  2.5554E-04    **
11  4  7  5  3  5    80.371422  2.3437E-04    **
11  1  1  5  2  3    80.464859  5.3481E-06      
11  0  1  5  1  3    80.464859  1.9158E-05     *
11  2  3  5  1  3    80.511551  1.5208E-05     *
11  1  3  5  2  3    80.511551  1.0696E-06      
11  3  5  5  2  3    80.526840  1.7888E-04    **
11  2  5  5  1  3    80.526840  1.3687E-04    **
11  1  1  5  0  1    80.963806  2.0606E-05     *
11  0  1  5  1  1    80.963806  9.5791E-06      
11  1  3  5  0  1    81.010490  4.1212E-05     *
11  2  3  5  1  1    81.010490  7.6041E-05     *
11  0  1 10  1  3     4.352035  6.8240E-06      
11  1  1 10  2  3     4.352035  3.2789E-06      
11  1  3 10  2  5     4.378358  5.9020E-06      
11  2  3 10  3  5     4.378358  5.5054E-06      
11  2  5 10  3  7     4.383515  7.8649E-06      
11  3  5 10  4  7     4.383515  5.9536E-06      
11  3  7 10  4  9     4.385060  7.7176E-06      
11  4  7 10  5  9     4.385060  5.0691E-06      
11  4  9 10  5 11     4.385578  6.2212E-06      
11  5  9 10  6 11     4.385578  3.7400E-06      
11  7 15 10  8 17     4.385676  1.4914E-06      
11  6 11 10  7 13     4.385728  2.4253E-06      
11  5 11 10  6 13     4.385728  4.4305E-06      
11  6 13 10  7 15     4.385734  2.8026E-06      
11  7 13 10  8 15     4.385734  1.3147E-06      
11 10 19 10  9 19     4.386606  2.6208E-06      
11  9 17 10  8 17     4.386941  2.1331E-06      
11  8 15 10  7 15     4.387360  1.8592E-06      
11 10 21 10  9 19     4.387434  5.4775E-04    **
11  7 13 10  6 13     4.387898  1.7192E-06      
11  9 19 10  8 17     4.387952  3.6263E-04    **
11 10 19 10  9 17     4.387952  4.9533E-04    **
11  6 11 10  5 11     4.388618  1.6765E-06      
11  9 17 10  8 15     4.388625  3.2423E-04    **
11  8 17 10  7 15     4.388625  2.5099E-04    **
11  7 15 10  6 13     4.389524  1.7879E-04    **
11  8 15 10  7 13     4.389524  2.2125E-04    **
11  5  9 10  4  9     4.389621  1.7182E-06      
11  7 13 10  6 11     4.390787  1.5473E-04    **
11  6 13 10  5 11     4.390787  1.2909E-04    **
11  4  7 10  3  7     4.391134  1.8463E-06      
11  5 11 10  4  9     4.392661  9.2781E-05     *
11  6 11 10  5  9     4.392661  1.0897E-04    **
11  3  5 10  2  5     4.393654  2.0761E-06      
11  5  9 10  4  7     4.395695  7.5599E-05     *
11  4  9 10  3  7     4.395695  6.4622E-05     *
11  2  3 10  1  3     4.398722  2.4605E-06      
11  3  7 10  2  5     4.401272  4.1521E-05     *
11  4  7 10  3  5     4.401272  4.9851E-05     *
11  3  5 10  2  3     4.414018  2.9065E-05     *
11  2  5 10  1  3     4.414018  2.2144E-05     *
11  0  1 10  1  1     4.414199  3.4120E-06      
11  1  1 10  0  1     4.414199  3.8469E-06      
11  1  3 10  0  1     4.460886  7.6939E-06      
11  2  3 10  1  1     4.460886  1.2302E-05     *
11  1  1  9  2  3    10.298459  3.5079E-06      
11  0  1  9  1  3    10.298459  7.9163E-06      
11  6 13  9  7 15    10.315176  1.1251E-06      
11  9 17  9  8 17    10.315757  1.0513E-06      
11  5 11  9  6 13    10.315975  2.5018E-06      
11  9 19  9  8 17    10.316769  1.7872E-04    **
11  8 15  9  7 15    10.316802  1.5660E-06      
11  5  9  9  6 11    10.316897  2.1119E-06      
11  4  9  9  5 11    10.316897  4.4134E-06      
11  2  3  9  3  5    10.317210  5.2700E-06      
11  1  3  9  2  5    10.317210  6.3141E-06      
11  3  7  9  4  9    10.317883  6.4768E-06      
11  4  7  9  5  9    10.317883  3.5961E-06      
11  9 17  9  8 15    10.318067  1.5979E-04    **
11  8 17  9  7 15    10.318067  2.1141E-04    **
11  7 13  9  6 13    10.318145  1.8587E-06      
11  2  5  9  3  7    10.318596  7.5286E-06      
11  3  5  9  4  7    10.318596  4.9964E-06      
11  8 15  9  7 13    10.319771  1.8635E-04    **
11  7 15  9  6 13    10.319771  1.9330E-04    **
11  6 11  9  5 11    10.319937  2.0706E-06      
11  7 13  9  6 11    10.322107  1.6728E-04    **
11  6 13  9  5 11    10.322107  1.5944E-04    **
11  5  9  9  4  9    10.322444  2.2747E-06      
11  5 11  9  4  9    10.325484  1.2284E-04    **
11  6 11  9  5  9    10.325484  1.3459E-04    **
11  4  7  9  3  7    10.326214  2.5163E-06      
11  4  9  9  3  7    10.330776  8.8071E-05     *
11  5  9  9  4  7    10.330776  1.0009E-04    **
11  3  5  9  2  5    10.332506  2.8291E-06      
11  3  7  9  2  5    10.340124  5.6582E-05     *
11  4  7  9  3  5    10.340124  6.7940E-05     *
11  2  3  9  1  3    10.345146  3.2653E-06      
11  2  5  9  1  3    10.360442  2.9388E-05     *
11  3  5  9  2  3    10.360442  3.9607E-05     *
11  1  1  9  0  1    10.383768  4.9381E-06      
11  0  1  9  1  1    10.383768  3.9581E-06      
11  1  3  9  0  1    10.430455  9.8763E-06      
11  2  3  9  1  1    10.430455  1.6327E-05     *
11  5 11  8  6 13    18.606005  1.2437E-06      
11  8 17  8  7 15    18.606838  1.1263E-04    **
11  7 13  8  6 13    18.608175  1.6633E-06      
11  4  9  8  5 11    18.608606  3.0027E-06      
11  5  9  8  6 11    18.608606  1.0499E-06      
11  8 15  8  7 13    18.609802  9.9281E-05     *
11  7 15  8  6 13    18.609802  1.7298E-04    **
11  6 11  8  5 11    18.611645  2.3401E-06      
11  4  7  8  5  9    18.611946  2.4466E-06      
11  3  7  8  4  9    18.611946  5.4011E-06      
11  0  1  8  1  3    18.613794  9.3004E-06      
11  1  1  8  2  3    18.613794  3.7870E-06      
11  7 13  8  6 11    18.613815  1.4970E-04    **
11  6 13  8  5 11    18.613815  1.8019E-04    **
11  3  5  8  4  7    18.616188  4.1666E-06      
11  2  5  8  3  7    18.616188  7.2644E-06      
11  5  9  8  4  9    18.616507  2.8929E-06      
11  5 11  8  4  9    18.619547  1.5622E-04    **
11  6 11  8  5  9    18.619547  1.5211E-04    **
11  2  3  8  3  5    18.620695  5.0851E-06      
11  1  3  8  2  5    18.620695  6.8166E-06      
11  4  7  8  3  7    18.623806  3.3831E-06      
11  5  9  8  4  7    18.628368  1.2729E-04    **
11  4  9  8  3  7    18.628368  1.1841E-04    **
11  3  5  8  2  5    18.635992  3.8659E-06      
11  4  7  8  3  5    18.643610  9.1344E-05     *
11  3  7  8  2  5    18.643610  7.7318E-05     *
11  2  3  8  1  3    18.660482  4.4073E-06      
11  2  5  8  1  3    18.675777  3.9666E-05     *
11  3  5  8  2  3    18.675777  5.4123E-05     *
11  1  1  8  0  1    18.735325  6.4699E-06      
11  0  1  8  1  1    18.735325  4.6502E-06      
11  2  3  8  1  1    18.782013  2.2036E-05     *
11  1  3  8  0  1    18.782013  1.2940E-05     *
