n2	l2	j2	n1	l1	j1	 Delta 	 E (keV)
1	0	0.5	1	0	0.5	0
2	0	0.5	1	0	0.5	1639.476
2	1	0.5	1	0	0.5	1595.417
2	1	1.5	1	0	0.5	1602.611
3	0	0.5	1	0	0.5	1967.097
3	1	0.5	1	0	0.5	1953.921
3	1	1.5	1	0	0.5	1956.013
3	2	1.5	1	0	0.5	1956.025
3	2	2.5	1	0	0.5	1956.786
4	0	0.5	1	0	0.5	2084.498
4	1	0.5	1	0	0.5	2078.919
4	1	1.5	1	0	0.5	2079.794
4	2	1.5	1	0	0.5	2079.801
4	2	2.5	1	0	0.5	2080.122
4	3	2.5	1	0	0.5	2080.183
4	3	3.5	1	0	0.5	2080.343
5	0	0.5	1	0	0.5	2139.461
5	1	0.5	1	0	0.5	2136.6
5	1	1.5	1	0	0.5	2134.247
5	2	1.5	1	0	0.5	2133.799
5	2	2.5	1	0	0.5	2133.867
5	3	2.5	1	0	0.5	2133.914
5	3	3.5	1	0	0.5	2134.013
5	4	3.5	1	0	0.5	2134.009
5	4	4.5	1	0	0.5	2134.062
6	0	0.5	1	0	0.5	2166.178
6	1	0.5	1	0	0.5	2164.521
6	1	1.5	1	0	0.5	2164.779
6	2	1.5	1	0	0.5	2164.769
6	2	2.5	1	0	0.5	2164.866
1	0	0.5	2	0	0.5	0
2	0	0.5	2	0	0.5	0
2	1	0.5	2	0	0.5	0
2	1	1.5	2	0	0.5	0
3	0	0.5	2	0	0.5	327.621
3	1	0.5	2	0	0.5	314.444
3	1	1.5	2	0	0.5	316.537
3	2	1.5	2	0	0.5	316.548
3	2	2.5	2	0	0.5	317.309
4	0	0.5	2	0	0.5	445.021
4	1	0.5	2	0	0.5	439.443
4	1	1.5	2	0	0.5	440.318
4	2	1.5	2	0	0.5	440.325
4	2	2.5	2	0	0.5	440.646
4	3	2.5	2	0	0.5	440.707
4	3	3.5	2	0	0.5	440.866
5	0	0.5	2	0	0.5	499.985
5	1	0.5	2	0	0.5	497.123
5	1	1.5	2	0	0.5	494.771
5	2	1.5	2	0	0.5	494.323
5	2	2.5	2	0	0.5	494.391
5	3	2.5	2	0	0.5	494.438
5	3	3.5	2	0	0.5	494.537
5	4	3.5	2	0	0.5	494.533
5	4	4.5	2	0	0.5	494.585
6	0	0.5	2	0	0.5	526.701
6	1	0.5	2	0	0.5	525.045
6	1	1.5	2	0	0.5	525.302
6	2	1.5	2	0	0.5	525.293
6	2	2.5	2	0	0.5	525.389
1	0	0.5	2	1	0.5	0
2	0	0.5	2	1	0.5	44.059
2	1	0.5	2	1	0.5	0
2	1	1.5	2	1	0.5	7.193
3	0	0.5	2	1	0.5	371.68
3	1	0.5	2	1	0.5	358.503
3	1	1.5	2	1	0.5	360.596
3	2	1.5	2	1	0.5	360.607
3	2	2.5	2	1	0.5	361.368
4	0	0.5	2	1	0.5	489.08
4	1	0.5	2	1	0.5	483.502
4	1	1.5	2	1	0.5	484.377
4	2	1.5	2	1	0.5	484.384
4	2	2.5	2	1	0.5	484.705
4	3	2.5	2	1	0.5	484.766
4	3	3.5	2	1	0.5	484.925
5	0	0.5	2	1	0.5	544.044
5	1	0.5	2	1	0.5	541.182
5	1	1.5	2	1	0.5	538.83
5	2	1.5	2	1	0.5	538.382
5	2	2.5	2	1	0.5	538.45
5	3	2.5	2	1	0.5	538.497
5	3	3.5	2	1	0.5	538.596
5	4	3.5	2	1	0.5	538.592
5	4	4.5	2	1	0.5	538.644
6	0	0.5	2	1	0.5	570.76
6	1	0.5	2	1	0.5	569.104
6	1	1.5	2	1	0.5	569.361
6	2	1.5	2	1	0.5	569.352
6	2	2.5	2	1	0.5	569.448
1	0	0.5	2	1	1.5	0
2	0	0.5	2	1	1.5	36.866
2	1	0.5	2	1	1.5	0
2	1	1.5	2	1	1.5	0
3	0	0.5	2	1	1.5	364.486
3	1	0.5	2	1	1.5	351.31
3	1	1.5	2	1	1.5	353.402
3	2	1.5	2	1	1.5	353.414
3	2	2.5	2	1	1.5	354.175
4	0	0.5	2	1	1.5	481.887
4	1	0.5	2	1	1.5	476.308
4	1	1.5	2	1	1.5	477.184
4	2	1.5	2	1	1.5	477.19
4	2	2.5	2	1	1.5	477.511
4	3	2.5	2	1	1.5	477.573
4	3	3.5	2	1	1.5	477.732
5	0	0.5	2	1	1.5	536.85
5	1	0.5	2	1	1.5	533.989
5	1	1.5	2	1	1.5	531.636
5	2	1.5	2	1	1.5	531.189
5	2	2.5	2	1	1.5	531.256
5	3	2.5	2	1	1.5	531.303
5	3	3.5	2	1	1.5	531.403
5	4	3.5	2	1	1.5	531.398
5	4	4.5	2	1	1.5	531.451
6	0	0.5	2	1	1.5	563.567
6	1	0.5	2	1	1.5	561.911
6	1	1.5	2	1	1.5	562.168
6	2	1.5	2	1	1.5	562.159
6	2	2.5	2	1	1.5	562.255
1	0	0.5	3	0	0.5	0
2	0	0.5	3	0	0.5	0
2	1	0.5	3	0	0.5	0
2	1	1.5	3	0	0.5	0
3	0	0.5	3	0	0.5	0
3	1	0.5	3	0	0.5	0
3	1	1.5	3	0	0.5	0
3	2	1.5	3	0	0.5	0
3	2	2.5	3	0	0.5	0
4	0	0.5	3	0	0.5	117.401
4	1	0.5	3	0	0.5	111.822
4	1	1.5	3	0	0.5	112.697
4	2	1.5	3	0	0.5	112.704
4	2	2.5	3	0	0.5	113.025
4	3	2.5	3	0	0.5	113.086
4	3	3.5	3	0	0.5	113.245
5	0	0.5	3	0	0.5	172.364
5	1	0.5	3	0	0.5	169.502
5	1	1.5	3	0	0.5	167.15
5	2	1.5	3	0	0.5	166.702
5	2	2.5	3	0	0.5	166.77
5	3	2.5	3	0	0.5	166.817
5	3	3.5	3	0	0.5	166.916
5	4	3.5	3	0	0.5	166.912
5	4	4.5	3	0	0.5	166.965
6	0	0.5	3	0	0.5	199.081
6	1	0.5	3	0	0.5	197.424
6	1	1.5	3	0	0.5	197.682
6	2	1.5	3	0	0.5	197.672
6	2	2.5	3	0	0.5	197.769
1	0	0.5	3	1	0.5	0
2	0	0.5	3	1	0.5	0
2	1	0.5	3	1	0.5	0
2	1	1.5	3	1	0.5	0
3	0	0.5	3	1	0.5	13.176
3	1	0.5	3	1	0.5	0
3	1	1.5	3	1	0.5	2.092
3	2	1.5	3	1	0.5	2.104
3	2	2.5	3	1	0.5	2.865
4	0	0.5	3	1	0.5	130.577
4	1	0.5	3	1	0.5	124.998
4	1	1.5	3	1	0.5	125.874
4	2	1.5	3	1	0.5	125.88
4	2	2.5	3	1	0.5	126.201
4	3	2.5	3	1	0.5	126.263
4	3	3.5	3	1	0.5	126.422
5	0	0.5	3	1	0.5	185.54
5	1	0.5	3	1	0.5	182.679
5	1	1.5	3	1	0.5	180.326
5	2	1.5	3	1	0.5	179.879
5	2	2.5	3	1	0.5	179.946
5	3	2.5	3	1	0.5	179.993
5	3	3.5	3	1	0.5	180.093
5	4	3.5	3	1	0.5	180.088
5	4	4.5	3	1	0.5	180.141
6	0	0.5	3	1	0.5	212.257
6	1	0.5	3	1	0.5	210.601
6	1	1.5	3	1	0.5	210.858
6	2	1.5	3	1	0.5	210.849
6	2	2.5	3	1	0.5	210.945
1	0	0.5	3	1	1.5	0
2	0	0.5	3	1	1.5	0
2	1	0.5	3	1	1.5	0
2	1	1.5	3	1	1.5	0
3	0	0.5	3	1	1.5	11.084
3	1	0.5	3	1	1.5	0
3	1	1.5	3	1	1.5	0
3	2	1.5	3	1	1.5	0.012
3	2	2.5	3	1	1.5	0.773
4	0	0.5	3	1	1.5	128.485
4	1	0.5	3	1	1.5	122.906
4	1	1.5	3	1	1.5	123.781
4	2	1.5	3	1	1.5	123.788
4	2	2.5	3	1	1.5	124.109
4	3	2.5	3	1	1.5	124.17
4	3	3.5	3	1	1.5	124.329
5	0	0.5	3	1	1.5	183.448
5	1	0.5	3	1	1.5	180.586
5	1	1.5	3	1	1.5	178.234
5	2	1.5	3	1	1.5	177.786
5	2	2.5	3	1	1.5	177.854
5	3	2.5	3	1	1.5	177.901
5	3	3.5	3	1	1.5	178
5	4	3.5	3	1	1.5	177.996
5	4	4.5	3	1	1.5	178.049
6	0	0.5	3	1	1.5	210.165
6	1	0.5	3	1	1.5	208.508
6	1	1.5	3	1	1.5	208.766
6	2	1.5	3	1	1.5	208.756
6	2	2.5	3	1	1.5	208.853
1	0	0.5	3	2	1.5	0
2	0	0.5	3	2	1.5	0
2	1	0.5	3	2	1.5	0
2	1	1.5	3	2	1.5	0
3	0	0.5	3	2	1.5	11.072
3	1	0.5	3	2	1.5	0
3	1	1.5	3	2	1.5	0
3	2	1.5	3	2	1.5	0
3	2	2.5	3	2	1.5	0.761
4	0	0.5	3	2	1.5	128.473
4	1	0.5	3	2	1.5	122.894
4	1	1.5	3	2	1.5	123.77
4	2	1.5	3	2	1.5	123.776
4	2	2.5	3	2	1.5	124.097
4	3	2.5	3	2	1.5	124.158
4	3	3.5	3	2	1.5	124.318
5	0	0.5	3	2	1.5	183.436
5	1	0.5	3	2	1.5	180.575
5	1	1.5	3	2	1.5	178.222
5	2	1.5	3	2	1.5	177.775
5	2	2.5	3	2	1.5	177.842
5	3	2.5	3	2	1.5	177.889
5	3	3.5	3	2	1.5	177.988
5	4	3.5	3	2	1.5	177.984
5	4	4.5	3	2	1.5	178.037
6	0	0.5	3	2	1.5	210.153
6	1	0.5	3	2	1.5	208.497
6	1	1.5	3	2	1.5	208.754
6	2	1.5	3	2	1.5	208.744
6	2	2.5	3	2	1.5	208.841
1	0	0.5	3	2	2.5	0
2	0	0.5	3	2	2.5	0
2	1	0.5	3	2	2.5	0
2	1	1.5	3	2	2.5	0
3	0	0.5	3	2	2.5	10.311
3	1	0.5	3	2	2.5	0
3	1	1.5	3	2	2.5	0
3	2	1.5	3	2	2.5	0
3	2	2.5	3	2	2.5	0
4	0	0.5	3	2	2.5	127.712
4	1	0.5	3	2	2.5	122.133
4	1	1.5	3	2	2.5	123.009
4	2	1.5	3	2	2.5	123.015
4	2	2.5	3	2	2.5	123.336
4	3	2.5	3	2	2.5	123.398
4	3	3.5	3	2	2.5	123.557
5	0	0.5	3	2	2.5	182.675
5	1	0.5	3	2	2.5	179.814
5	1	1.5	3	2	2.5	177.461
5	2	1.5	3	2	2.5	177.014
5	2	2.5	3	2	2.5	177.081
5	3	2.5	3	2	2.5	177.128
5	3	3.5	3	2	2.5	177.228
5	4	3.5	3	2	2.5	177.223
5	4	4.5	3	2	2.5	177.276
6	0	0.5	3	2	2.5	209.392
6	1	0.5	3	2	2.5	207.736
6	1	1.5	3	2	2.5	207.993
6	2	1.5	3	2	2.5	207.984
6	2	2.5	3	2	2.5	208.08
1	0	0.5	4	0	0.5	0
2	0	0.5	4	0	0.5	0
2	1	0.5	4	0	0.5	0
2	1	1.5	4	0	0.5	0
3	0	0.5	4	0	0.5	0
3	1	0.5	4	0	0.5	0
3	1	1.5	4	0	0.5	0
3	2	1.5	4	0	0.5	0
3	2	2.5	4	0	0.5	0
4	0	0.5	4	0	0.5	0
4	1	0.5	4	0	0.5	0
4	1	1.5	4	0	0.5	0
4	2	1.5	4	0	0.5	0
4	2	2.5	4	0	0.5	0
4	3	2.5	4	0	0.5	0
4	3	3.5	4	0	0.5	0
5	0	0.5	4	0	0.5	54.963
5	1	0.5	4	0	0.5	52.102
5	1	1.5	4	0	0.5	49.749
5	2	1.5	4	0	0.5	49.302
5	2	2.5	4	0	0.5	49.369
5	3	2.5	4	0	0.5	49.416
5	3	3.5	4	0	0.5	49.516
5	4	3.5	4	0	0.5	49.511
5	4	4.5	4	0	0.5	49.564
6	0	0.5	4	0	0.5	81.68
6	1	0.5	4	0	0.5	80.024
6	1	1.5	4	0	0.5	80.281
6	2	1.5	4	0	0.5	80.272
6	2	2.5	4	0	0.5	80.368
1	0	0.5	4	1	0.5	0
2	0	0.5	4	1	0.5	0
2	1	0.5	4	1	0.5	0
2	1	1.5	4	1	0.5	0
3	0	0.5	4	1	0.5	0
3	1	0.5	4	1	0.5	0
3	1	1.5	4	1	0.5	0
3	2	1.5	4	1	0.5	0
3	2	2.5	4	1	0.5	0
4	0	0.5	4	1	0.5	5.579
4	1	0.5	4	1	0.5	0
4	1	1.5	4	1	0.5	0.876
4	2	1.5	4	1	0.5	0.882
4	2	2.5	4	1	0.5	1.203
4	3	2.5	4	1	0.5	1.264
4	3	3.5	4	1	0.5	1.424
5	0	0.5	4	1	0.5	60.542
5	1	0.5	4	1	0.5	57.681
5	1	1.5	4	1	0.5	55.328
5	2	1.5	4	1	0.5	54.881
5	2	2.5	4	1	0.5	54.948
5	3	2.5	4	1	0.5	54.995
5	3	3.5	4	1	0.5	55.094
5	4	3.5	4	1	0.5	55.09
5	4	4.5	4	1	0.5	55.143
6	0	0.5	4	1	0.5	87.259
6	1	0.5	4	1	0.5	85.602
6	1	1.5	4	1	0.5	85.86
6	2	1.5	4	1	0.5	85.85
6	2	2.5	4	1	0.5	85.947
1	0	0.5	4	1	1.5	0
2	0	0.5	4	1	1.5	0
2	1	0.5	4	1	1.5	0
2	1	1.5	4	1	1.5	0
3	0	0.5	4	1	1.5	0
3	1	0.5	4	1	1.5	0
3	1	1.5	4	1	1.5	0
3	2	1.5	4	1	1.5	0
3	2	2.5	4	1	1.5	0
4	0	0.5	4	1	1.5	4.703
4	1	0.5	4	1	1.5	0
4	1	1.5	4	1	1.5	0
4	2	1.5	4	1	1.5	0.006
4	2	2.5	4	1	1.5	0.327
4	3	2.5	4	1	1.5	0.389
4	3	3.5	4	1	1.5	0.548
5	0	0.5	4	1	1.5	59.667
5	1	0.5	4	1	1.5	56.805
5	1	1.5	4	1	1.5	54.453
5	2	1.5	4	1	1.5	54.005
5	2	2.5	4	1	1.5	54.072
5	3	2.5	4	1	1.5	54.119
5	3	3.5	4	1	1.5	54.219
5	4	3.5	4	1	1.5	54.214
5	4	4.5	4	1	1.5	54.267
6	0	0.5	4	1	1.5	86.383
6	1	0.5	4	1	1.5	84.727
6	1	1.5	4	1	1.5	84.984
6	2	1.5	4	1	1.5	84.975
6	2	2.5	4	1	1.5	85.071
1	0	0.5	4	2	1.5	0
2	0	0.5	4	2	1.5	0
2	1	0.5	4	2	1.5	0
2	1	1.5	4	2	1.5	0
3	0	0.5	4	2	1.5	0
3	1	0.5	4	2	1.5	0
3	1	1.5	4	2	1.5	0
3	2	1.5	4	2	1.5	0
3	2	2.5	4	2	1.5	0
4	0	0.5	4	2	1.5	4.697
4	1	0.5	4	2	1.5	0
4	1	1.5	4	2	1.5	0
4	2	1.5	4	2	1.5	0
4	2	2.5	4	2	1.5	0.321
4	3	2.5	4	2	1.5	0.382
4	3	3.5	4	2	1.5	0.542
5	0	0.5	4	2	1.5	59.66
5	1	0.5	4	2	1.5	56.799
5	1	1.5	4	2	1.5	54.446
5	2	1.5	4	2	1.5	53.999
5	2	2.5	4	2	1.5	54.066
5	3	2.5	4	2	1.5	54.113
5	3	3.5	4	2	1.5	54.212
5	4	3.5	4	2	1.5	54.208
5	4	4.5	4	2	1.5	54.261
6	0	0.5	4	2	1.5	86.377
6	1	0.5	4	2	1.5	84.72
6	1	1.5	4	2	1.5	84.978
6	2	1.5	4	2	1.5	84.968
6	2	2.5	4	2	1.5	85.065
1	0	0.5	4	2	2.5	0
2	0	0.5	4	2	2.5	0
2	1	0.5	4	2	2.5	0
2	1	1.5	4	2	2.5	0
3	0	0.5	4	2	2.5	0
3	1	0.5	4	2	2.5	0
3	1	1.5	4	2	2.5	0
3	2	1.5	4	2	2.5	0
3	2	2.5	4	2	2.5	0
4	0	0.5	4	2	2.5	4.376
4	1	0.5	4	2	2.5	0
4	1	1.5	4	2	2.5	0
4	2	1.5	4	2	2.5	0
4	2	2.5	4	2	2.5	0
4	3	2.5	4	2	2.5	0.061
4	3	3.5	4	2	2.5	0.221
5	0	0.5	4	2	2.5	59.339
5	1	0.5	4	2	2.5	56.478
5	1	1.5	4	2	2.5	54.125
5	2	1.5	4	2	2.5	53.678
5	2	2.5	4	2	2.5	53.745
5	3	2.5	4	2	2.5	53.792
5	3	3.5	4	2	2.5	53.891
5	4	3.5	4	2	2.5	53.887
5	4	4.5	4	2	2.5	53.94
6	0	0.5	4	2	2.5	86.056
6	1	0.5	4	2	2.5	84.399
6	1	1.5	4	2	2.5	84.657
6	2	1.5	4	2	2.5	84.647
6	2	2.5	4	2	2.5	84.744
1	0	0.5	4	3	2.5	0
2	0	0.5	4	3	2.5	0
2	1	0.5	4	3	2.5	0
2	1	1.5	4	3	2.5	0
3	0	0.5	4	3	2.5	0
3	1	0.5	4	3	2.5	0
3	1	1.5	4	3	2.5	0
3	2	1.5	4	3	2.5	0
3	2	2.5	4	3	2.5	0
4	0	0.5	4	3	2.5	4.314
4	1	0.5	4	3	2.5	0
4	1	1.5	4	3	2.5	0
4	2	1.5	4	3	2.5	0
4	2	2.5	4	3	2.5	0
4	3	2.5	4	3	2.5	0
4	3	3.5	4	3	2.5	0.159
5	0	0.5	4	3	2.5	59.278
5	1	0.5	4	3	2.5	56.416
5	1	1.5	4	3	2.5	54.064
5	2	1.5	4	3	2.5	53.616
5	2	2.5	4	3	2.5	53.684
5	3	2.5	4	3	2.5	53.731
5	3	3.5	4	3	2.5	53.83
5	4	3.5	4	3	2.5	53.826
5	4	4.5	4	3	2.5	53.878
6	0	0.5	4	3	2.5	85.994
6	1	0.5	4	3	2.5	84.338
6	1	1.5	4	3	2.5	84.595
6	2	1.5	4	3	2.5	84.586
6	2	2.5	4	3	2.5	84.682
1	0	0.5	4	3	3.5	0
2	0	0.5	4	3	3.5	0
2	1	0.5	4	3	3.5	0
2	1	1.5	4	3	3.5	0
3	0	0.5	4	3	3.5	0
3	1	0.5	4	3	3.5	0
3	1	1.5	4	3	3.5	0
3	2	1.5	4	3	3.5	0
3	2	2.5	4	3	3.5	0
4	0	0.5	4	3	3.5	4.155
4	1	0.5	4	3	3.5	0
4	1	1.5	4	3	3.5	0
4	2	1.5	4	3	3.5	0
4	2	2.5	4	3	3.5	0
4	3	2.5	4	3	3.5	0
4	3	3.5	4	3	3.5	0
5	0	0.5	4	3	3.5	59.119
5	1	0.5	4	3	3.5	56.257
5	1	1.5	4	3	3.5	53.904
5	2	1.5	4	3	3.5	53.457
5	2	2.5	4	3	3.5	53.524
5	3	2.5	4	3	3.5	53.571
5	3	3.5	4	3	3.5	53.671
5	4	3.5	4	3	3.5	53.666
5	4	4.5	4	3	3.5	53.719
6	0	0.5	4	3	3.5	85.835
6	1	0.5	4	3	3.5	84.179
6	1	1.5	4	3	3.5	84.436
6	2	1.5	4	3	3.5	84.427
6	2	2.5	4	3	3.5	84.523
1	0	0.5	5	0	0.5	0
2	0	0.5	5	0	0.5	0
2	1	0.5	5	0	0.5	0
2	1	1.5	5	0	0.5	0
3	0	0.5	5	0	0.5	0
3	1	0.5	5	0	0.5	0
3	1	1.5	5	0	0.5	0
3	2	1.5	5	0	0.5	0
3	2	2.5	5	0	0.5	0
4	0	0.5	5	0	0.5	0
4	1	0.5	5	0	0.5	0
4	1	1.5	5	0	0.5	0
4	2	1.5	5	0	0.5	0
4	2	2.5	5	0	0.5	0
4	3	2.5	5	0	0.5	0
4	3	3.5	5	0	0.5	0
5	0	0.5	5	0	0.5	0
5	1	0.5	5	0	0.5	0
5	1	1.5	5	0	0.5	0
5	2	1.5	5	0	0.5	0
5	2	2.5	5	0	0.5	0
5	3	2.5	5	0	0.5	0
5	3	3.5	5	0	0.5	0
5	4	3.5	5	0	0.5	0
5	4	4.5	5	0	0.5	0
6	0	0.5	5	0	0.5	26.717
6	1	0.5	5	0	0.5	25.06
6	1	1.5	5	0	0.5	25.318
6	2	1.5	5	0	0.5	25.308
6	2	2.5	5	0	0.5	25.405
1	0	0.5	5	1	0.5	0
2	0	0.5	5	1	0.5	0
2	1	0.5	5	1	0.5	0
2	1	1.5	5	1	0.5	0
3	0	0.5	5	1	0.5	0
3	1	0.5	5	1	0.5	0
3	1	1.5	5	1	0.5	0
3	2	1.5	5	1	0.5	0
3	2	2.5	5	1	0.5	0
4	0	0.5	5	1	0.5	0
4	1	0.5	5	1	0.5	0
4	1	1.5	5	1	0.5	0
4	2	1.5	5	1	0.5	0
4	2	2.5	5	1	0.5	0
4	3	2.5	5	1	0.5	0
4	3	3.5	5	1	0.5	0
5	0	0.5	5	1	0.5	2.862
5	1	0.5	5	1	0.5	0
5	1	1.5	5	1	0.5	0
5	2	1.5	5	1	0.5	0
5	2	2.5	5	1	0.5	0
5	3	2.5	5	1	0.5	0
5	3	3.5	5	1	0.5	0
5	4	3.5	5	1	0.5	0
5	4	4.5	5	1	0.5	0
6	0	0.5	5	1	0.5	29.578
6	1	0.5	5	1	0.5	27.922
6	1	1.5	5	1	0.5	28.179
6	2	1.5	5	1	0.5	28.17
6	2	2.5	5	1	0.5	28.266
1	0	0.5	5	1	1.5	0
2	0	0.5	5	1	1.5	0
2	1	0.5	5	1	1.5	0
2	1	1.5	5	1	1.5	0
3	0	0.5	5	1	1.5	0
3	1	0.5	5	1	1.5	0
3	1	1.5	5	1	1.5	0
3	2	1.5	5	1	1.5	0
3	2	2.5	5	1	1.5	0
4	0	0.5	5	1	1.5	0
4	1	0.5	5	1	1.5	0
4	1	1.5	5	1	1.5	0
4	2	1.5	5	1	1.5	0
4	2	2.5	5	1	1.5	0
4	3	2.5	5	1	1.5	0
4	3	3.5	5	1	1.5	0
5	0	0.5	5	1	1.5	5.214
5	1	0.5	5	1	1.5	2.353
5	1	1.5	5	1	1.5	0
5	2	1.5	5	1	1.5	0
5	2	2.5	5	1	1.5	0
5	3	2.5	5	1	1.5	0
5	3	3.5	5	1	1.5	0
5	4	3.5	5	1	1.5	0
5	4	4.5	5	1	1.5	0
6	0	0.5	5	1	1.5	31.931
6	1	0.5	5	1	1.5	30.274
6	1	1.5	5	1	1.5	30.532
6	2	1.5	5	1	1.5	30.522
6	2	2.5	5	1	1.5	30.619
1	0	0.5	5	2	1.5	0
2	0	0.5	5	2	1.5	0
2	1	0.5	5	2	1.5	0
2	1	1.5	5	2	1.5	0
3	0	0.5	5	2	1.5	0
3	1	0.5	5	2	1.5	0
3	1	1.5	5	2	1.5	0
3	2	1.5	5	2	1.5	0
3	2	2.5	5	2	1.5	0
4	0	0.5	5	2	1.5	0
4	1	0.5	5	2	1.5	0
4	1	1.5	5	2	1.5	0
4	2	1.5	5	2	1.5	0
4	2	2.5	5	2	1.5	0
4	3	2.5	5	2	1.5	0
4	3	3.5	5	2	1.5	0
5	0	0.5	5	2	1.5	5.662
5	1	0.5	5	2	1.5	2.8
5	1	1.5	5	2	1.5	0.448
5	2	1.5	5	2	1.5	0
5	2	2.5	5	2	1.5	0.067
5	3	2.5	5	2	1.5	0.114
5	3	3.5	5	2	1.5	0.214
5	4	3.5	5	2	1.5	0.209
5	4	4.5	5	2	1.5	0.262
6	0	0.5	5	2	1.5	32.378
6	1	0.5	5	2	1.5	30.722
6	1	1.5	5	2	1.5	30.979
6	2	1.5	5	2	1.5	30.97
6	2	2.5	5	2	1.5	31.066
1	0	0.5	5	2	2.5	0
2	0	0.5	5	2	2.5	0
2	1	0.5	5	2	2.5	0
2	1	1.5	5	2	2.5	0
3	0	0.5	5	2	2.5	0
3	1	0.5	5	2	2.5	0
3	1	1.5	5	2	2.5	0
3	2	1.5	5	2	2.5	0
3	2	2.5	5	2	2.5	0
4	0	0.5	5	2	2.5	0
4	1	0.5	5	2	2.5	0
4	1	1.5	5	2	2.5	0
4	2	1.5	5	2	2.5	0
4	2	2.5	5	2	2.5	0
4	3	2.5	5	2	2.5	0
4	3	3.5	5	2	2.5	0
5	0	0.5	5	2	2.5	5.594
5	1	0.5	5	2	2.5	2.733
5	1	1.5	5	2	2.5	0.38
5	2	1.5	5	2	2.5	0
5	2	2.5	5	2	2.5	0
5	3	2.5	5	2	2.5	0.047
5	3	3.5	5	2	2.5	0.146
5	4	3.5	5	2	2.5	0.142
5	4	4.5	5	2	2.5	0.195
6	0	0.5	5	2	2.5	32.311
6	1	0.5	5	2	2.5	30.654
6	1	1.5	5	2	2.5	30.912
6	2	1.5	5	2	2.5	30.902
6	2	2.5	5	2	2.5	30.999
1	0	0.5	5	3	2.5	0
2	0	0.5	5	3	2.5	0
2	1	0.5	5	3	2.5	0
2	1	1.5	5	3	2.5	0
3	0	0.5	5	3	2.5	0
3	1	0.5	5	3	2.5	0
3	1	1.5	5	3	2.5	0
3	2	1.5	5	3	2.5	0
3	2	2.5	5	3	2.5	0
4	0	0.5	5	3	2.5	0
4	1	0.5	5	3	2.5	0
4	1	1.5	5	3	2.5	0
4	2	1.5	5	3	2.5	0
4	2	2.5	5	3	2.5	0
4	3	2.5	5	3	2.5	0
4	3	3.5	5	3	2.5	0
5	0	0.5	5	3	2.5	5.547
5	1	0.5	5	3	2.5	2.686
5	1	1.5	5	3	2.5	0.333
5	2	1.5	5	3	2.5	0
5	2	2.5	5	3	2.5	0
5	3	2.5	5	3	2.5	0
5	3	3.5	5	3	2.5	0.099
5	4	3.5	5	3	2.5	0.095
5	4	4.5	5	3	2.5	0.148
6	0	0.5	5	3	2.5	32.264
6	1	0.5	5	3	2.5	30.607
6	1	1.5	5	3	2.5	30.865
6	2	1.5	5	3	2.5	30.855
6	2	2.5	5	3	2.5	30.952
1	0	0.5	5	3	3.5	0
2	0	0.5	5	3	3.5	0
2	1	0.5	5	3	3.5	0
2	1	1.5	5	3	3.5	0
3	0	0.5	5	3	3.5	0
3	1	0.5	5	3	3.5	0
3	1	1.5	5	3	3.5	0
3	2	1.5	5	3	3.5	0
3	2	2.5	5	3	3.5	0
4	0	0.5	5	3	3.5	0
4	1	0.5	5	3	3.5	0
4	1	1.5	5	3	3.5	0
4	2	1.5	5	3	3.5	0
4	2	2.5	5	3	3.5	0
4	3	2.5	5	3	3.5	0
4	3	3.5	5	3	3.5	0
5	0	0.5	5	3	3.5	5.448
5	1	0.5	5	3	3.5	2.586
5	1	1.5	5	3	3.5	0.234
5	2	1.5	5	3	3.5	0
5	2	2.5	5	3	3.5	0
5	3	2.5	5	3	3.5	0
5	3	3.5	5	3	3.5	0
5	4	3.5	5	3	3.5	0
5	4	4.5	5	3	3.5	0.048
6	0	0.5	5	3	3.5	32.164
6	1	0.5	5	3	3.5	30.508
6	1	1.5	5	3	3.5	30.765
6	2	1.5	5	3	3.5	30.756
6	2	2.5	5	3	3.5	30.852
1	0	0.5	5	4	3.5	0
2	0	0.5	5	4	3.5	0
2	1	0.5	5	4	3.5	0
2	1	1.5	5	4	3.5	0
3	0	0.5	5	4	3.5	0
3	1	0.5	5	4	3.5	0
3	1	1.5	5	4	3.5	0
3	2	1.5	5	4	3.5	0
3	2	2.5	5	4	3.5	0
4	0	0.5	5	4	3.5	0
4	1	0.5	5	4	3.5	0
4	1	1.5	5	4	3.5	0
4	2	1.5	5	4	3.5	0
4	2	2.5	5	4	3.5	0
4	3	2.5	5	4	3.5	0
4	3	3.5	5	4	3.5	0
5	0	0.5	5	4	3.5	5.452
5	1	0.5	5	4	3.5	2.591
5	1	1.5	5	4	3.5	0.238
5	2	1.5	5	4	3.5	0
5	2	2.5	5	4	3.5	0
5	3	2.5	5	4	3.5	0
5	3	3.5	5	4	3.5	0.004
5	4	3.5	5	4	3.5	0
5	4	4.5	5	4	3.5	0.053
6	0	0.5	5	4	3.5	32.169
6	1	0.5	5	4	3.5	30.512
6	1	1.5	5	4	3.5	30.77
6	2	1.5	5	4	3.5	30.76
6	2	2.5	5	4	3.5	30.857
1	0	0.5	5	4	4.5	0
2	0	0.5	5	4	4.5	0
2	1	0.5	5	4	4.5	0
2	1	1.5	5	4	4.5	0
3	0	0.5	5	4	4.5	0
3	1	0.5	5	4	4.5	0
3	1	1.5	5	4	4.5	0
3	2	1.5	5	4	4.5	0
3	2	2.5	5	4	4.5	0
4	0	0.5	5	4	4.5	0
4	1	0.5	5	4	4.5	0
4	1	1.5	5	4	4.5	0
4	2	1.5	5	4	4.5	0
4	2	2.5	5	4	4.5	0
4	3	2.5	5	4	4.5	0
4	3	3.5	5	4	4.5	0
5	0	0.5	5	4	4.5	5.399
5	1	0.5	5	4	4.5	2.538
5	1	1.5	5	4	4.5	0.185
5	2	1.5	5	4	4.5	0
5	2	2.5	5	4	4.5	0
5	3	2.5	5	4	4.5	0
5	3	3.5	5	4	4.5	0
5	4	3.5	5	4	4.5	0
5	4	4.5	5	4	4.5	0
6	0	0.5	5	4	4.5	32.116
6	1	0.5	5	4	4.5	30.46
6	1	1.5	5	4	4.5	30.717
6	2	1.5	5	4	4.5	30.708
6	2	2.5	5	4	4.5	30.804
1	0	0.5	6	0	0.5	0
2	0	0.5	6	0	0.5	0
2	1	0.5	6	0	0.5	0
2	1	1.5	6	0	0.5	0
3	0	0.5	6	0	0.5	0
3	1	0.5	6	0	0.5	0
3	1	1.5	6	0	0.5	0
3	2	1.5	6	0	0.5	0
3	2	2.5	6	0	0.5	0
4	0	0.5	6	0	0.5	0
4	1	0.5	6	0	0.5	0
4	1	1.5	6	0	0.5	0
4	2	1.5	6	0	0.5	0
4	2	2.5	6	0	0.5	0
4	3	2.5	6	0	0.5	0
4	3	3.5	6	0	0.5	0
5	0	0.5	6	0	0.5	0
5	1	0.5	6	0	0.5	0
5	1	1.5	6	0	0.5	0
5	2	1.5	6	0	0.5	0
5	2	2.5	6	0	0.5	0
5	3	2.5	6	0	0.5	0
5	3	3.5	6	0	0.5	0
5	4	3.5	6	0	0.5	0
5	4	4.5	6	0	0.5	0
6	0	0.5	6	0	0.5	0
6	1	0.5	6	0	0.5	0
6	1	1.5	6	0	0.5	0
6	2	1.5	6	0	0.5	0
6	2	2.5	6	0	0.5	0
1	0	0.5	6	1	0.5	0
2	0	0.5	6	1	0.5	0
2	1	0.5	6	1	0.5	0
2	1	1.5	6	1	0.5	0
3	0	0.5	6	1	0.5	0
3	1	0.5	6	1	0.5	0
3	1	1.5	6	1	0.5	0
3	2	1.5	6	1	0.5	0
3	2	2.5	6	1	0.5	0
4	0	0.5	6	1	0.5	0
4	1	0.5	6	1	0.5	0
4	1	1.5	6	1	0.5	0
4	2	1.5	6	1	0.5	0
4	2	2.5	6	1	0.5	0
4	3	2.5	6	1	0.5	0
4	3	3.5	6	1	0.5	0
5	0	0.5	6	1	0.5	0
5	1	0.5	6	1	0.5	0
5	1	1.5	6	1	0.5	0
5	2	1.5	6	1	0.5	0
5	2	2.5	6	1	0.5	0
5	3	2.5	6	1	0.5	0
5	3	3.5	6	1	0.5	0
5	4	3.5	6	1	0.5	0
5	4	4.5	6	1	0.5	0
6	0	0.5	6	1	0.5	1.656
6	1	0.5	6	1	0.5	0
6	1	1.5	6	1	0.5	0.257
6	2	1.5	6	1	0.5	0.248
6	2	2.5	6	1	0.5	0.344
1	0	0.5	6	1	1.5	0
2	0	0.5	6	1	1.5	0
2	1	0.5	6	1	1.5	0
2	1	1.5	6	1	1.5	0
3	0	0.5	6	1	1.5	0
3	1	0.5	6	1	1.5	0
3	1	1.5	6	1	1.5	0
3	2	1.5	6	1	1.5	0
3	2	2.5	6	1	1.5	0
4	0	0.5	6	1	1.5	0
4	1	0.5	6	1	1.5	0
4	1	1.5	6	1	1.5	0
4	2	1.5	6	1	1.5	0
4	2	2.5	6	1	1.5	0
4	3	2.5	6	1	1.5	0
4	3	3.5	6	1	1.5	0
5	0	0.5	6	1	1.5	0
5	1	0.5	6	1	1.5	0
5	1	1.5	6	1	1.5	0
5	2	1.5	6	1	1.5	0
5	2	2.5	6	1	1.5	0
5	3	2.5	6	1	1.5	0
5	3	3.5	6	1	1.5	0
5	4	3.5	6	1	1.5	0
5	4	4.5	6	1	1.5	0
6	0	0.5	6	1	1.5	1.399
6	1	0.5	6	1	1.5	0
6	1	1.5	6	1	1.5	0
6	2	1.5	6	1	1.5	0
6	2	2.5	6	1	1.5	0.087
1	0	0.5	6	2	1.5	0
2	0	0.5	6	2	1.5	0
2	1	0.5	6	2	1.5	0
2	1	1.5	6	2	1.5	0
3	0	0.5	6	2	1.5	0
3	1	0.5	6	2	1.5	0
3	1	1.5	6	2	1.5	0
3	2	1.5	6	2	1.5	0
3	2	2.5	6	2	1.5	0
4	0	0.5	6	2	1.5	0
4	1	0.5	6	2	1.5	0
4	1	1.5	6	2	1.5	0
4	2	1.5	6	2	1.5	0
4	2	2.5	6	2	1.5	0
4	3	2.5	6	2	1.5	0
4	3	3.5	6	2	1.5	0
5	0	0.5	6	2	1.5	0
5	1	0.5	6	2	1.5	0
5	1	1.5	6	2	1.5	0
5	2	1.5	6	2	1.5	0
5	2	2.5	6	2	1.5	0
5	3	2.5	6	2	1.5	0
5	3	3.5	6	2	1.5	0
5	4	3.5	6	2	1.5	0
5	4	4.5	6	2	1.5	0
6	0	0.5	6	2	1.5	1.408
6	1	0.5	6	2	1.5	0
6	1	1.5	6	2	1.5	0.009
6	2	1.5	6	2	1.5	0
6	2	2.5	6	2	1.5	0.097
1	0	0.5	6	2	2.5	0
2	0	0.5	6	2	2.5	0
2	1	0.5	6	2	2.5	0
2	1	1.5	6	2	2.5	0
3	0	0.5	6	2	2.5	0
3	1	0.5	6	2	2.5	0
3	1	1.5	6	2	2.5	0
3	2	1.5	6	2	2.5	0
3	2	2.5	6	2	2.5	0
4	0	0.5	6	2	2.5	0
4	1	0.5	6	2	2.5	0
4	1	1.5	6	2	2.5	0
4	2	1.5	6	2	2.5	0
4	2	2.5	6	2	2.5	0
4	3	2.5	6	2	2.5	0
4	3	3.5	6	2	2.5	0
5	0	0.5	6	2	2.5	0
5	1	0.5	6	2	2.5	0
5	1	1.5	6	2	2.5	0
5	2	1.5	6	2	2.5	0
5	2	2.5	6	2	2.5	0
5	3	2.5	6	2	2.5	0
5	3	3.5	6	2	2.5	0
5	4	3.5	6	2	2.5	0
5	4	4.5	6	2	2.5	0
6	0	0.5	6	2	2.5	1.312
6	1	0.5	6	2	2.5	0
6	1	1.5	6	2	2.5	0
6	2	1.5	6	2	2.5	0
6	2	2.5	6	2	2.5	0
