15  4  7  4  3  7   146.843491  1.0093E-06      
15  4  9  4  3  7   146.845291  3.5326E-05     *
15  1  3  4  2  5   146.992798  1.7747E-06      
15  3  5  4  2  5   146.998825  2.4389E-06      
15  3  7  4  2  5   147.001831  4.8777E-05     *
15  4  7  4  3  5   147.001831  2.7251E-05     *
15  0  1  4  1  3   147.292801  3.2732E-06      
15  2  3  4  1  3   147.311218  3.7392E-06      
15  3  5  4  2  3   147.317230  3.4144E-05     *
15  2  5  4  1  3   147.317230  3.3652E-05     *
15  1  1  4  0  1   148.268372  6.4677E-06      
15  0  1  4  1  1   148.268372  1.6366E-06      
15  1  3  4  0  1   148.286774  1.2935E-05     *
15  2  3  4  1  1   148.286774  1.8696E-05     *
15  1  3  3  2  5   269.952759  1.6382E-06      
15  3  5  3  2  5   269.958801  3.9549E-06      
15  3  7  3  2  5   269.961792  7.9099E-05     *
15  0  1  3  1  3   270.688354  4.9161E-06      
15  2  3  3  1  3   270.706757  8.0075E-06      
15  2  5  3  1  3   270.712769  7.2068E-05     *
15  3  5  3  2  3   270.712769  5.5369E-05     *
15  1  1  3  0  1   273.003204  1.3869E-05     *
15  0  1  3  1  1   273.003204  2.4581E-06      
15  1  3  3  0  1   273.021576  2.7737E-05     *
15  2  3  3  1  1   273.021576  4.0038E-05     *
