15  7 15  7  6 13    40.357346  4.9081E-06      
15  6 13  7  5 11    40.365124  1.2191E-05     *
15  7 13  7  6 11    40.365124  4.2474E-06      
15  5 11  7  4  9    40.376057  1.6753E-05     *
15  6 11  7  5  9    40.376057  1.0291E-05     *
15  4  9  7  3  7    40.392559  1.6503E-05     *
15  5  9  7  4  7    40.392559  1.3651E-05     *
15  1  3  7  2  5    40.411293  1.1761E-06      
15  3  7  7  2  5    40.420330  1.2634E-05     *
15  4  7  7  3  5    40.420330  1.2731E-05     *
15  0  1  7  1  3    40.452301  1.3097E-06      
15  2  5  7  1  3    40.476723  7.5387E-06      
15  3  5  7  2  3    40.476723  8.8435E-06      
15  1  1  7  0  1    40.633823  1.5409E-06      
15  1  3  7  0  1    40.652214  3.0818E-06      
15  2  3  7  1  1    40.652214  4.1881E-06      
15  6 13  6  5 11    58.993763  8.7446E-06      
15  5 11  6  4  9    59.011623  1.9180E-05     *
15  6 11  6  5  9    59.011623  7.3818E-06      
15  4  9  6  3  7    59.038536  2.2746E-05     *
15  5  9  6  4  7    59.038536  1.5628E-05     *
15  1  3  6  2  5    59.074646  1.3694E-06      
15  3  7  6  2  5    59.083687  1.8743E-05     *
15  4  7  6  3  5    59.083687  1.7547E-05     *
15  0  1  6  1  3    59.150604  1.7003E-06      
15  2  3  6  1  3    59.168995  1.2613E-06      
15  2  5  6  1  3    59.175026  1.1352E-05     *
15  3  5  6  2  3    59.175026  1.3120E-05     *
15  1  1  6  0  1    59.439075  2.2696E-06      
15  1  3  6  0  1    59.457466  4.5392E-06      
15  2  3  6  1  1    59.457466  6.3064E-06      
15  5 11  5  4  9    89.909019  1.6945E-05     *
15  4  9  5  3  7    89.956375  3.0806E-05     *
15  5  9  5  4  7    89.956375  1.3807E-05     *
15  1  3  5  2  5    90.026657  1.5901E-06      
15  3  5  5  2  5    90.032692  1.4706E-06      
15  3  7  5  2  5    90.035690  2.9412E-05     *
15  4  7  5  3  5    90.035690  2.3765E-05     *
15  0  1  5  1  3    90.171310  2.3010E-06      
15  2  3  5  1  3    90.189697  2.0550E-06      
15  2  5  5  1  3    90.195732  1.8495E-05     *
15  3  5  5  2  3    90.195732  2.0589E-05     *
15  1  1  5  0  1    90.670250  3.6182E-06      
15  0  1  5  1  1    90.670250  1.1505E-06      
15  2  3  5  1  1    90.688637  1.0275E-05     *
15  1  3  5  0  1    90.688637  7.2363E-06      
