13  0  1 10  1  3    10.318122  1.6874E-06      
13 10 21 10  9 19    10.320350  1.4590E-05     *
13 10 19 10  9 17    10.321196  1.3194E-05     *
13  9 19 10  8 17    10.321196  2.5513E-05     *
13  9 17 10  8 15    10.322267  2.2811E-05     *
13  8 17 10  7 15    10.322267  3.0211E-05     *
13  7 15 10  6 13    10.323664  3.0042E-05     *
13  8 15 10  7 13    10.323664  2.6630E-05     *
13  3  7 10  4  9    10.323692  1.4220E-06      
13  3  5 10  4  7    10.325151  1.0969E-06      
13  2  5 10  3  7    10.325151  1.7681E-06      
13  6 13 10  5 11    10.325568  2.6833E-05     *
13  7 13 10  6 11    10.325568  2.5998E-05     *
13  2  3 10  3  5    10.326025  1.2377E-06      
13  1  3 10  2  5    10.326025  1.7451E-06      
13  6 11 10  5  9    10.328298  2.2651E-05     *
13  5 11 10  4  9    10.328298  2.2030E-05     *
13  4  9 10  3  7    10.332530  1.6629E-05     *
13  5  9 10  4  7    10.332530  1.7951E-05     *
13  3  7 10  2  5    10.339905  1.1290E-05     *
13  4  7 10  3  5    10.339905  1.2828E-05     *
13  3  5 10  2  3    10.355654  7.9030E-06      
13  2  5 10  1  3    10.355654  6.4846E-06      
13  1  1 10  0  1    10.380286  1.3140E-06      
13  2  3 10  1  1    10.408553  3.6026E-06      
13  1  3 10  0  1    10.408553  2.6280E-06      
13  9 19  9  8 17    16.250011  1.1778E-05     *
13  8 17  9  7 15    16.251709  2.3869E-05     *
13  9 17  9  8 15    16.251709  1.0531E-05     *
13  7 15  9  6 13    16.253910  3.0539E-05     *
13  8 15  9  7 13    16.253910  2.1040E-05     *
13  3  7  9  4  9    16.256516  1.2856E-06      
13  6 13  9  5 11    16.256887  3.1269E-05     *
13  7 13  9  6 11    16.256887  2.6428E-05     *
13  2  5  9  3  7    16.260233  1.7760E-06      
13  5 11  9  4  9    16.261120  2.7654E-05     *
13  6 11  9  5  9    16.261120  2.6396E-05     *
13  1  1  9  2  3    16.264547  1.0580E-06      
13  0  1  9  1  3    16.264547  1.9641E-06      
13  1  3  9  2  5    16.264877  1.9045E-06      
13  2  3  9  3  5    16.264877  1.2432E-06      
13  4  9  9  3  7    16.267611  2.1634E-05     *
13  5  9  9  4  7    16.267611  2.2533E-05     *
13  3  7  9  2  5    16.278757  1.4825E-05     *
13  4  7  9  3  5    16.278757  1.6689E-05     *
13  3  5  9  2  3    16.302078  1.0377E-05     *
13  2  5  9  1  3    16.302078  8.4257E-06      
13  1  1  9  0  1    16.349855  1.6667E-06      
13  2  3  9  1  1    16.378124  4.6809E-06      
13  1  3  9  0  1    16.378124  3.3334E-06      
13  8 17  8  7 15    24.540480  1.2478E-05     *
13  8 15  8  7 13    24.543941  1.0999E-05     *
13  7 15  8  6 13    24.543941  2.6839E-05     *
13  7 13  8  6 11    24.548595  2.3226E-05     *
13  6 13  8  5 11    24.548595  3.4757E-05     *
13  3  7  8  4  9    24.550577  1.1442E-06      
13  6 11  8  5  9    24.555183  2.9340E-05     *
13  5 11  8  4  9    24.555183  3.4668E-05     *
13  2  5  8  3  7    24.557825  1.7993E-06      
13  5  9  8  4  7    24.565203  2.8248E-05     *
13  4  9  8  3  7    24.565203  2.8764E-05     *
13  1  3  8  2  5    24.568363  2.1247E-06      
13  2  3  8  3  5    24.568363  1.2595E-06      
13  3  5  8  2  5    24.577629  1.0063E-06      
13  1  1  8  2  3    24.579884  1.1804E-06      
13  0  1  8  1  3    24.579884  2.3574E-06      
13  4  7  8  3  5    24.582243  2.2189E-05     *
13  3  7  8  2  5    24.582243  2.0126E-05     *
13  2  3  8  1  3    24.608150  1.2644E-06      
13  3  5  8  2  3    24.617414  1.4089E-05     *
13  2  5  8  1  3    24.617414  1.1380E-05     *
13  1  1  8  0  1    24.701412  2.1987E-06      
13  0  1  8  1  1    24.701412  1.1787E-06      
13  1  3  8  0  1    24.729681  4.3974E-06      
13  2  3  8  1  1    24.729681  6.3221E-06      
