11  0  1 10  1  3     4.352035  6.8240E-06      
11  1  1 10  2  3     4.352035  3.2789E-06      
11  1  3 10  2  5     4.378358  5.9020E-06      
11  2  3 10  3  5     4.378358  5.5054E-06      
11  2  5 10  3  7     4.383515  7.8649E-06      
11  3  5 10  4  7     4.383515  5.9536E-06      
11  3  7 10  4  9     4.385060  7.7176E-06      
11  4  7 10  5  9     4.385060  5.0691E-06      
11  4  9 10  5 11     4.385578  6.2212E-06      
11  5  9 10  6 11     4.385578  3.7400E-06      
11  7 15 10  8 17     4.385676  1.4914E-06      
11  6 11 10  7 13     4.385728  2.4253E-06      
11  5 11 10  6 13     4.385728  4.4305E-06      
11  6 13 10  7 15     4.385734  2.8026E-06      
11  7 13 10  8 15     4.385734  1.3147E-06      
11 10 19 10  9 19     4.386606  2.6208E-06      
11  9 17 10  8 17     4.386941  2.1331E-06      
11  8 15 10  7 15     4.387360  1.8592E-06      
11 10 21 10  9 19     4.387434  5.4775E-04    **
11  7 13 10  6 13     4.387898  1.7192E-06      
11  9 19 10  8 17     4.387952  3.6263E-04    **
11 10 19 10  9 17     4.387952  4.9533E-04    **
11  6 11 10  5 11     4.388618  1.6765E-06      
11  9 17 10  8 15     4.388625  3.2423E-04    **
11  8 17 10  7 15     4.388625  2.5099E-04    **
11  7 15 10  6 13     4.389524  1.7879E-04    **
11  8 15 10  7 13     4.389524  2.2125E-04    **
11  5  9 10  4  9     4.389621  1.7182E-06      
11  7 13 10  6 11     4.390787  1.5473E-04    **
11  6 13 10  5 11     4.390787  1.2909E-04    **
11  4  7 10  3  7     4.391134  1.8463E-06      
11  5 11 10  4  9     4.392661  9.2781E-05     *
11  6 11 10  5  9     4.392661  1.0897E-04    **
11  3  5 10  2  5     4.393654  2.0761E-06      
11  5  9 10  4  7     4.395695  7.5599E-05     *
11  4  9 10  3  7     4.395695  6.4622E-05     *
11  2  3 10  1  3     4.398722  2.4605E-06      
11  3  7 10  2  5     4.401272  4.1521E-05     *
11  4  7 10  3  5     4.401272  4.9851E-05     *
11  3  5 10  2  3     4.414018  2.9065E-05     *
11  2  5 10  1  3     4.414018  2.2144E-05     *
11  0  1 10  1  1     4.414199  3.4120E-06      
11  1  1 10  0  1     4.414199  3.8469E-06      
11  1  3 10  0  1     4.460886  7.6939E-06      
11  2  3 10  1  1     4.460886  1.2302E-05     *
11  1  1  9  2  3    10.298459  3.5079E-06      
11  0  1  9  1  3    10.298459  7.9163E-06      
11  6 13  9  7 15    10.315176  1.1251E-06      
11  9 17  9  8 17    10.315757  1.0513E-06      
11  5 11  9  6 13    10.315975  2.5018E-06      
11  9 19  9  8 17    10.316769  1.7872E-04    **
11  8 15  9  7 15    10.316802  1.5660E-06      
11  5  9  9  6 11    10.316897  2.1119E-06      
11  4  9  9  5 11    10.316897  4.4134E-06      
11  2  3  9  3  5    10.317210  5.2700E-06      
11  1  3  9  2  5    10.317210  6.3141E-06      
11  3  7  9  4  9    10.317883  6.4768E-06      
11  4  7  9  5  9    10.317883  3.5961E-06      
11  9 17  9  8 15    10.318067  1.5979E-04    **
11  8 17  9  7 15    10.318067  2.1141E-04    **
11  7 13  9  6 13    10.318145  1.8587E-06      
11  2  5  9  3  7    10.318596  7.5286E-06      
11  3  5  9  4  7    10.318596  4.9964E-06      
11  8 15  9  7 13    10.319771  1.8635E-04    **
11  7 15  9  6 13    10.319771  1.9330E-04    **
11  6 11  9  5 11    10.319937  2.0706E-06      
11  7 13  9  6 11    10.322107  1.6728E-04    **
11  6 13  9  5 11    10.322107  1.5944E-04    **
11  5  9  9  4  9    10.322444  2.2747E-06      
11  5 11  9  4  9    10.325484  1.2284E-04    **
11  6 11  9  5  9    10.325484  1.3459E-04    **
11  4  7  9  3  7    10.326214  2.5163E-06      
11  4  9  9  3  7    10.330776  8.8071E-05     *
11  5  9  9  4  7    10.330776  1.0009E-04    **
11  3  5  9  2  5    10.332506  2.8291E-06      
11  3  7  9  2  5    10.340124  5.6582E-05     *
11  4  7  9  3  5    10.340124  6.7940E-05     *
11  2  3  9  1  3    10.345146  3.2653E-06      
11  2  5  9  1  3    10.360442  2.9388E-05     *
11  3  5  9  2  3    10.360442  3.9607E-05     *
11  1  1  9  0  1    10.383768  4.9381E-06      
11  0  1  9  1  1    10.383768  3.9581E-06      
11  1  3  9  0  1    10.430455  9.8763E-06      
11  2  3  9  1  1    10.430455  1.6327E-05     *
11  5 11  8  6 13    18.606005  1.2437E-06      
11  8 17  8  7 15    18.606838  1.1263E-04    **
11  7 13  8  6 13    18.608175  1.6633E-06      
11  4  9  8  5 11    18.608606  3.0027E-06      
11  5  9  8  6 11    18.608606  1.0499E-06      
11  8 15  8  7 13    18.609802  9.9281E-05     *
11  7 15  8  6 13    18.609802  1.7298E-04    **
11  6 11  8  5 11    18.611645  2.3401E-06      
11  4  7  8  5  9    18.611946  2.4466E-06      
11  3  7  8  4  9    18.611946  5.4011E-06      
11  0  1  8  1  3    18.613794  9.3004E-06      
11  1  1  8  2  3    18.613794  3.7870E-06      
11  7 13  8  6 11    18.613815  1.4970E-04    **
11  6 13  8  5 11    18.613815  1.8019E-04    **
11  3  5  8  4  7    18.616188  4.1666E-06      
11  2  5  8  3  7    18.616188  7.2644E-06      
11  5  9  8  4  9    18.616507  2.8929E-06      
11  5 11  8  4  9    18.619547  1.5622E-04    **
11  6 11  8  5  9    18.619547  1.5211E-04    **
11  2  3  8  3  5    18.620695  5.0851E-06      
11  1  3  8  2  5    18.620695  6.8166E-06      
11  4  7  8  3  7    18.623806  3.3831E-06      
11  5  9  8  4  7    18.628368  1.2729E-04    **
11  4  9  8  3  7    18.628368  1.1841E-04    **
11  3  5  8  2  5    18.635992  3.8659E-06      
11  4  7  8  3  5    18.643610  9.1344E-05     *
11  3  7  8  2  5    18.643610  7.7318E-05     *
11  2  3  8  1  3    18.660482  4.4073E-06      
11  2  5  8  1  3    18.675777  3.9666E-05     *
11  3  5  8  2  3    18.675777  5.4123E-05     *
11  1  1  8  0  1    18.735325  6.4699E-06      
11  0  1  8  1  1    18.735325  4.6502E-06      
11  2  3  8  1  1    18.782013  2.2036E-05     *
11  1  3  8  0  1    18.782013  1.2940E-05     *
