14  4  7  4  3  7   145.179962  1.3115E-06      
14  4  9  4  3  7   145.182159  4.5901E-05     *
14  1  3  4  2  5   145.327179  2.1269E-06      
14  3  5  4  2  5   145.334595  3.0884E-06      
14  4  7  4  3  5   145.338303  3.5409E-05     *
14  3  7  4  2  5   145.338303  6.1769E-05     *
14  0  1  4  1  3   145.622971  4.0804E-06      
14  1  1  4  2  3   145.622971  1.1816E-06      
14  2  3  4  1  3   145.645584  4.6164E-06      
14  2  5  4  1  3   145.653015  4.1548E-05     *
14  3  5  4  2  3   145.653015  4.3238E-05     *
14  1  1  4  0  1   146.598526  7.6935E-06      
14  0  1  4  1  1   146.598526  2.0402E-06      
14  2  3  4  1  1   146.621155  2.3082E-05     *
14  1  3  4  0  1   146.621155  1.5387E-05     *
14  1  3  3  2  5   268.287140  1.9579E-06      
14  3  5  3  2  5   268.294586  5.0097E-06      
14  3  7  3  2  5   268.298279  1.0019E-04    **
14  1  1  3  2  3   269.018494  1.0877E-06      
14  0  1  3  1  3   269.018494  6.1187E-06      
14  2  3  3  1  3   269.041107  9.8870E-06      
14  3  5  3  2  3   269.048553  7.0136E-05     *
14  2  5  3  1  3   269.048553  8.8983E-05     *
14  0  1  3  1  1   271.333344  3.0594E-06      
14  1  1  3  0  1   271.333344  1.6493E-05     *
14  2  3  3  1  1   271.355957  4.9435E-05     *
14  1  3  3  0  1   271.355957  3.2986E-05     *
