12  0  1 11  1  3     3.308998  2.9152E-06      
12  1  1 11  2  3     3.308998  1.6779E-06      
12  1  3 11  2  5     3.329651  3.0203E-06      
12  2  3 11  3  5     3.329651  2.6193E-06      
12  2  5 11  3  7     3.333814  3.7418E-06      
12  3  5 11  4  7     3.333814  2.7960E-06      
12  3  7 11  4  9     3.335120  3.6245E-06      
12  4  7 11  5  9     3.335120  2.4597E-06      
12  4  9 11  5 11     3.335595  3.0187E-06      
12  5  9 11  6 11     3.335595  1.9266E-06      
12  5 11 11  6 13     3.335767  2.2823E-06      
12  6 11 11  7 13     3.335767  1.3711E-06      
12  6 13 11  7 15     3.335811  1.5843E-06      
12 11 23 11 10 21     3.336880  2.2232E-04    **
12 10 21 11  9 19     3.337178  1.5458E-04    **
12 11 21 11 10 19     3.337178  2.0291E-04    **
12  9 19 11  8 17     3.337553  1.1116E-04    **
12 10 19 11  9 17     3.337553  1.3979E-04    **
12  8 17 11  7 15     3.338039  8.1894E-05     *
12  9 17 11  8 15     3.338039  9.9393E-05     *
12  7 15 11  6 13     3.338691  6.1191E-05     *
12  8 15 11  7 13     3.338691  7.2188E-05     *
12  6 13 11  5 11     3.339607  4.5860E-05     *
12  7 13 11  6 11     3.339607  5.2954E-05     *
12  5 11 11  4  9     3.340976  3.3978E-05     *
12  6 11 11  5  9     3.340976  3.8713E-05     *
12  4  9 11  3  7     3.343197  2.4346E-05     *
12  5  9 11  4  7     3.343197  2.7686E-05     *
12  2  3 11  1  3     3.344948  1.0324E-06      
12  3  7 11  2  5     3.347300  1.6225E-05     *
12  4  7 11  3  5     3.347300  1.8781E-05     *
12  0  1 11  1  1     3.355686  1.4576E-06      
12  1  1 11  0  1     3.355686  1.8291E-06      
12  2  5 11  1  3     3.356729  9.2916E-06      
12  3  5 11  2  3     3.356729  1.1358E-05     *
12  1  3 11  0  1     3.391635  3.6582E-06      
12  2  3 11  1  1     3.391635  5.1620E-06      
