14 10 21 10  9 19    12.380701  4.0860E-06      
14 10 19 10  9 17    12.381647  3.6950E-06      
14  9 19 10  8 17    12.381647  9.0425E-06      
14  9 17 10  8 15    12.382840  8.0851E-06      
14  8 17 10  7 15    12.382840  1.2586E-05     *
14  8 15 10  7 13    12.384391  1.1095E-05     *
14  7 15 10  6 13    12.384391  1.4013E-05     *
14  7 13 10  6 11    12.386491  1.2127E-05     *
14  6 13 10  5 11    12.386491  1.3535E-05     *
14  6 11 10  5  9    12.389482  1.1425E-05     *
14  5 11 10  4  9    12.389482  1.1712E-05     *
14  5  9 10  4  7    12.394082  9.5427E-06      
14  4  9 10  3  7    12.394082  9.1435E-06      
14  4  7 10  3  5    12.402007  7.0536E-06      
14  3  7 10  2  5    12.402007  6.3478E-06      
14  3  5 10  2  3    12.418677  4.4435E-06      
14  2  5 10  1  3    12.418677  3.7300E-06      
14  2  3 10  1  1    12.473424  2.0722E-06      
14  1  3 10  0  1    12.473424  1.5722E-06      
14  9 19  9  8 17    18.310463  4.1518E-06      
14  8 17  9  7 15    18.312283  9.8927E-06      
14  9 17  9  8 15    18.312283  3.7122E-06      
14  7 15  9  6 13    18.314638  1.4177E-05     *
14  8 15  9  7 13    18.314638  8.7202E-06      
14  6 13  9  5 11    18.317812  1.5707E-05     *
14  7 13  9  6 11    18.317812  1.2268E-05     *
14  5 11  9  4  9    18.322304  1.4654E-05     *
14  6 11  9  5  9    18.322304  1.3259E-05     *
14  4  9  9  3  7    18.329163  1.1871E-05     *
14  5  9  9  4  7    18.329163  1.1940E-05     *
14  1  3  9  2  5    18.329746  1.1048E-06      
14  0  1  9  1  3    18.335056  1.0909E-06      
14  3  7  9  2  5    18.340860  8.3324E-06      
14  4  7  9  3  5    18.340860  9.1576E-06      
14  2  5  9  1  3    18.365101  4.8569E-06      
14  3  5  9  2  3    18.365101  5.8327E-06      
14  1  1  9  0  1    18.420364  1.0015E-06      
14  1  3  9  0  1    18.442991  2.0031E-06      
14  2  3  9  1  1    18.442991  2.6983E-06      
14  8 17  8  7 15    26.601053  5.1571E-06      
14  7 15  8  6 13    26.604668  1.2427E-05     *
14  8 15  8  7 13    26.604668  4.5459E-06      
14  6 13  8  5 11    26.609518  1.7420E-05     *
14  7 13  8  6 11    26.609518  1.0754E-05     *
14  5 11  8  4  9    26.616369  1.8339E-05     *
14  6 11  8  5  9    26.616369  1.4706E-05     *
14  4  9  8  3  7    26.626755  1.5769E-05     *
14  5  9  8  4  7    26.626755  1.4943E-05     *
14  1  3  8  2  5    26.633232  1.2459E-06      
14  3  7  8  2  5    26.644346  1.1314E-05     *
14  4  7  8  3  5    26.644346  1.2165E-05     *
14  0  1  8  1  3    26.650391  1.3194E-06      
14  2  5  8  1  3    26.680435  6.5714E-06      
14  3  5  8  2  3    26.680435  7.9198E-06      
14  1  1  8  0  1    26.771921  1.3257E-06      
14  1  3  8  0  1    26.794550  2.6515E-06      
14  2  3  8  1  1    26.794550  3.6508E-06      
