12  1  1 10  2  3     7.707721  1.7868E-06      
12  0  1 10  1  3     7.707721  3.3275E-06      
12  2  3 10  3  5     7.723305  2.5359E-06      
12  1  3 10  2  5     7.723305  3.2163E-06      
12  5 11 10  6 13     7.723665  1.4622E-06      
12 10 21 10  9 19     7.723784  6.7904E-05     *
12  4  9 10  5 11     7.724213  2.2943E-06      
12  5  9 10  6 11     7.724213  1.2344E-06      
12 10 19 10  9 17     7.724494  6.1406E-05     *
12  9 19 10  8 17     7.724494  8.4715E-05     *
12  3  7 10  4  9     7.724741  3.1477E-06      
12  4  7 10  5  9     7.724741  1.8694E-06      
12  2  5 10  3  7     7.724948  3.6227E-06      
12  3  5 10  4  7     7.724948  2.4282E-06      
12  9 17 10  8 15     7.725399  7.5745E-05     *
12  8 17 10  7 15     7.725399  8.1300E-05     *
12  8 15 10  7 13     7.726589  7.1665E-05     *
12  7 15 10  6 13     7.726589  7.0420E-05     *
12  7 13 10  6 11     7.728225  6.0940E-05     *
12  6 13 10  5 11     7.728225  5.7407E-05     *
12  6 11 10  5  9     7.730597  4.8460E-05     *
12  5 11 10  4  9     7.730597  4.4441E-05     *
12  5  9 10  4  7     7.734330  3.6211E-05     *
12  4  9 10  3  7     7.734330  3.2349E-05     *
12  3  5 10  2  5     7.735086  1.0715E-06      
12  4  7 10  3  5     7.740954  2.4955E-05     *
12  3  7 10  2  5     7.740954  2.1430E-05     *
12  2  3 10  1  3     7.743670  1.3266E-06      
12  3  5 10  2  3     7.755451  1.5001E-05     *
12  2  5 10  1  3     7.755451  1.1939E-05     *
12  0  1 10  1  1     7.769885  1.6637E-06      
12  1  1 10  0  1     7.769885  2.2788E-06      
12  1  3 10  0  1     7.805834  4.5577E-06      
12  2  3 10  1  1     7.805834  6.6328E-06      
12  9 19  9  8 17    13.653310  3.9641E-05     *
12  1  1  9  2  3    13.654144  1.9168E-06      
12  0  1  9  1  3    13.654144  3.8305E-06      
12  8 17  9  7 15    13.654841  6.5079E-05     *
12  9 17  9  8 15    13.654841  3.5444E-05     *
12  4  9  9  5 11    13.655532  1.7241E-06      
12  7 15  9  6 13    13.656836  7.2472E-05     *
12  8 15  9  7 13    13.656836  5.7366E-05     *
12  4  7  9  5  9    13.657564  1.4048E-06      
12  3  7  9  4  9    13.657564  2.7476E-06      
12  6 13  9  5 11    13.659544  6.7652E-05     *
12  7 13  9  6 11    13.659544  6.2716E-05     *
12  3  5  9  4  7    13.660028  2.1196E-06      
12  2  5  9  3  7    13.660028  3.5450E-06      
12  5  9  9  4  9    13.661079  1.0431E-06      
12  2  3  9  3  5    13.662158  2.4815E-06      
12  1  3  9  2  5    13.662158  3.4502E-06      
12  5 11  9  4  9    13.663421  5.6328E-05     *
12  6 11  9  5  9    13.663421  5.7109E-05     *
12  4  7  9  3  7    13.665895  1.2115E-06      
12  4  9  9  3  7    13.669411  4.2401E-05     *
12  5  9  9  4  7    13.669411  4.5897E-05     *
12  3  5  9  2  5    13.673939  1.4135E-06      
12  4  7  9  3  5    13.679806  3.2709E-05     *
12  3  7  9  2  5    13.679806  2.8270E-05     *
12  2  3  9  1  3    13.690094  1.7237E-06      
12  2  5  9  1  3    13.701875  1.5514E-05     *
12  3  5  9  2  3    13.701875  1.9789E-05     *
12  1  1  9  0  1    13.739453  2.8806E-06      
12  0  1  9  1  1    13.739453  1.9153E-06      
12  1  3  9  0  1    13.775403  5.7612E-06      
12  2  3  9  1  1    13.775403  8.6187E-06      
12  8 17  8  7 15    21.943611  3.4207E-05     *
12  7 15  8  6 13    21.946867  6.4020E-05     *
12  8 15  8  7 13    21.946867  3.0153E-05     *
12  4  9  8  5 11    21.947241  1.2326E-06      
12  6 13  8  5 11    21.951252  7.5546E-05     *
12  7 13  8  6 11    21.951252  5.5402E-05     *
12  3  7  8  4  9    21.951628  2.3813E-06      
12  4  7  8  5  9    21.951628  1.0044E-06      
12  5  9  8  4  9    21.955141  1.3126E-06      
12  5 11  8  4  9    21.957483  7.0882E-05     *
12  6 11  8  5  9    21.957483  6.3772E-05     *
12  2  5  8  3  7    21.957621  3.5191E-06      
12  3  5  8  4  7    21.957621  1.8370E-06      
12  4  7  8  3  7    21.963488  1.6150E-06      
12  2  3  8  3  5    21.965643  2.4634E-06      
12  1  3  8  2  5    21.965643  3.7940E-06      
12  4  9  8  3  7    21.967003  5.6524E-05     *
12  5  9  8  4  7    21.967003  5.7756E-05     *
12  1  1  8  2  3    21.969481  2.1078E-06      
12  0  1  8  1  3    21.969481  4.5519E-06      
12  3  5  8  2  5    21.977425  1.9208E-06      
12  3  7  8  2  5    21.983292  3.8415E-05     *
12  4  7  8  3  5    21.983292  4.3604E-05     *
12  2  3  8  1  3    22.005430  2.3244E-06      
12  2  5  8  1  3    22.017210  2.0919E-05     *
12  3  5  8  2  3    22.017210  2.6891E-05     *
12  1  1  8  0  1    22.091011  3.7848E-06      
12  0  1  8  1  1    22.091011  2.2760E-06      
12  2  3  8  1  1    22.126959  1.1622E-05     *
12  1  3  8  0  1    22.126959  7.5697E-06      
