13  2  5  4  3  7   143.113235  1.0548E-06      
13  4  7  4  3  7   143.117859  2.3973E-06      
13  4  9  4  3  7   143.120621  8.3907E-05     *
13  1  3  4  2  5   143.262314  3.5392E-06      
13  3  5  4  2  5   143.271576  5.4964E-06      
13  4  7  4  3  5   143.276199  6.4728E-05     *
13  3  7  4  2  5   143.276199  1.0993E-04    **
13  1  1  4  2  3   143.552460  1.9662E-06      
13  0  1  4  1  3   143.552460  7.1701E-06      
13  2  3  4  1  3   143.580719  7.9749E-06      
13  2  5  4  1  3   143.589981  7.1774E-05     *
13  3  5  4  2  3   143.589981  7.6949E-05     *
13  0  1  4  1  1   144.528015  3.5851E-06      
13  1  1  4  0  1   144.528015  1.2684E-05     *
13  1  3  4  0  1   144.556290  2.5368E-05     *
13  2  3  4  1  1   144.556290  3.9875E-05     *
13  1  3  3  2  5   266.222290  3.2471E-06      
13  3  5  3  2  5   266.231537  8.9188E-06      
13  3  7  3  2  5   266.236145  1.7838E-04    **
13  4  9  3  2  5   266.238922  1.2118E-06      
13  0  1  3  1  3   266.947998  1.0731E-05     *
13  1  1  3  2  3   266.947998  1.8039E-06      
13  2  3  3  1  3   266.976257  1.7082E-05     *
13  3  5  3  2  3   266.985504  1.2486E-04    **
13  2  5  3  1  3   266.985504  1.5374E-04    **
13  1  1  3  0  1   269.262817  2.7183E-05     *
13  0  1  3  1  1   269.262817  5.3653E-06      
13  1  3  3  0  1   269.291107  5.4367E-05     *
13  2  3  3  1  1   269.291107  8.5410E-05     *
