11  7 13  7  6 13    30.698351  1.0144E-06      
11  7 15  7  6 13    30.699978  1.0549E-04    **
11  4  9  7  5 11    30.701561  1.8013E-06      
11  6 11  7  5 11    30.704601  2.3439E-06      
11  6 13  7  5 11    30.706770  1.8048E-04    **
11  7 13  7  6 11    30.706770  9.1292E-05     *
11  4  7  7  5  9    30.708790  1.4677E-06      
11  3  7  7  4  9    30.708790  4.3474E-06      
11  5  9  7  4  9    30.713352  3.5823E-06      
11  5 11  7  4  9    30.716391  1.9344E-04    **
11  6 11  7  5  9    30.716391  1.5236E-04    **
11  3  5  7  4  7    30.718874  3.3537E-06      
11  2  5  7  3  7    30.718874  7.0464E-06      
11  4  7  7  3  7    30.726492  4.6199E-06      
11  5  9  7  4  7    30.731054  1.5762E-04    **
11  4  9  7  3  7    30.731054  1.6170E-04    **
11  1  3  7  2  5    30.733147  7.5435E-06      
11  2  3  7  3  5    30.733147  4.9325E-06      
11  0  1  7  1  3    30.745859  1.1333E-05     *
11  1  1  7  2  3    30.745859  4.1908E-06      
11  3  5  7  2  5    30.748442  5.4751E-06      
11  3  7  7  2  5    30.756060  1.0950E-04    **
11  4  7  7  3  5    30.756060  1.2474E-04    **
11  2  3  7  1  3    30.792545  6.2271E-06      
11  3  5  7  2  3    30.807842  7.6651E-05     *
11  2  5  7  1  3    30.807842  5.6044E-05     *
11  1  1  7  0  1    30.927380  8.8901E-06      
11  0  1  7  1  1    30.927380  5.6667E-06      
11  1  3  7  0  1    30.974068  1.7780E-05     *
11  2  3  7  1  1    30.974068  3.1135E-05     *
11  6 11  6  5 11    49.333244  1.6915E-06      
11  6 13  6  5 11    49.335411  1.3024E-04    **
11  3  7  6  4  9    49.344357  3.1231E-06      
11  5  9  6  4  9    49.348919  4.1224E-06      
11  6 11  6  5  9    49.351959  1.0995E-04    **
11  5 11  6  4  9    49.351959  2.2261E-04    **
11  3  5  6  4  7    49.364849  2.4093E-06      
11  2  5  6  3  7    49.364849  6.6789E-06      
11  4  7  6  3  7    49.372467  6.3905E-06      
11  5  9  6  4  7    49.377033  1.8139E-04    **
11  4  9  6  3  7    49.377033  2.2367E-04    **
11  2  3  6  3  5    49.396500  4.6752E-06      
11  1  3  6  2  5    49.396500  8.5040E-06      
11  3  5  6  2  5    49.411797  8.1314E-06      
11  4  7  6  3  5    49.419415  1.7254E-04    **
11  3  7  6  2  5    49.419415  1.6263E-04    **
11  1  1  6  2  3    49.444160  4.7244E-06      
11  0  1  6  1  3    49.444160  1.4395E-05     *
11  2  3  6  1  3    49.490849  9.3483E-06      
11  3  5  6  2  3    49.506142  1.1384E-04    **
11  2  5  6  1  3    49.506142  8.4135E-05     *
11  0  1  6  1  1    49.732632  7.1974E-06      
11  1  1  6  0  1    49.732632  1.2992E-05     *
11  2  3  6  1  1    49.779320  4.6741E-05     *
11  1  3  6  0  1    49.779320  2.5985E-05     *
11  3  7  5  4  9    80.241753  1.6018E-06      
11  5  9  5  4  9    80.246315  3.6559E-06      
11  5 11  5  4  9    80.249352  1.9742E-04    **
11  6 13  5  4  9    80.251526  1.0238E-06      
11  3  5  5  4  7    80.282684  1.2357E-06      
11  2  5  5  3  7    80.282684  5.8156E-06      
11  4  7  5  3  7    80.290306  8.6803E-06      
11  5  9  5  4  7    80.294868  1.6086E-04    **
11  4  9  5  3  7    80.294868  3.0381E-04    **
11  1  3  5  2  5    80.348503  9.6265E-06      
11  2  3  5  3  5    80.348503  4.0709E-06      
11  3  5  5  2  5    80.363800  1.2777E-05     *
11  3  7  5  2  5    80.371422  2.5554E-04    **
11  4  7  5  3  5    80.371422  2.3437E-04    **
11  1  1  5  2  3    80.464859  5.3481E-06      
11  0  1  5  1  3    80.464859  1.9158E-05     *
11  2  3  5  1  3    80.511551  1.5208E-05     *
11  1  3  5  2  3    80.511551  1.0696E-06      
11  3  5  5  2  3    80.526840  1.7888E-04    **
11  2  5  5  1  3    80.526840  1.3687E-04    **
11  1  1  5  0  1    80.963806  2.0606E-05     *
11  0  1  5  1  1    80.963806  9.5791E-06      
11  1  3  5  0  1    81.010490  4.1212E-05     *
11  2  3  5  1  1    81.010490  7.6041E-05     *
